time:0 0.59 0.51
[1 1 1 1 1 1 0 1 1 1 1 1 1 1 1 1 1 1 1 1 1 1 1 1 1 1 1 1 1 1 1 1 1 1 1 1 1
 1 1 1 1 1 1 1 1 1 0 1 0 1 1 1 1 1 1 1 1 1 1 0 1 1 1 0 1 0 1 1 1 0 0 1 1 1
 1 1 1 1 0 1 1 1 1 1 0 1 1 1 0 1 1 1 1 1 1 1 0 0 0 1]
time:1 0.58 0.49
[1 1 1 1 1 1 1 1 1 1 1 1 1 1 1 1 1 1 1 1 1 1 1 1 1 1 1 1 1 1 1 1 1 1 1 1 1
 1 1 1 1 1 1 1 1 1 1 1 1 1 1 1 1 1 1 1 1 1 1 1 1 1 1 1 1 1 1 1 1 1 1 1 1 1
 1 1 1 1 1 1 1 1 1 1 1 1 1 1 1 1 1 1 1 1 1 1 1 1 1 1]
time:2 0.99 0.44
[1 1 1 1 0 1 0 0 0 0 1 1 1 1 0 0 1 1 1 1 1 0 0 0 0 0 1 1 1 1 1 1 1 1 1 0 0
 0 1 1 1 1 0 1 1 1 0 1 1 1 1 1 0 1 1 0 1 0 0 0 1 1 1 1 1 1 1 0 0 0 0 0 1 1
 1 0 1 1 1 1 1 1 0 0 0 0 0 0 0 1 0 1 0 0 1 1 1 1 0 1]
time:3 0.38 0.49
[1 1 1 1 1 1 1 1 1 1 1 1 1 1 1 1 1 1 1 1 1 1 1 1 1 1 1 1 1 1 1 1 1 1 1 1 1
 1 1 1 1 1 1 1 1 1 1 1 1 1 1 1 1 1 1 1 1 1 1 1 1 1 1 1 1 1 1 1 1 1 1 1 1 1
 1 1 1 1 1 1 1 1 1 1 1 1 1 1 1 1 1 1 1 1 1 1 1 1 1 1]
time:4 0.98 0.48
[1 1 1 0 1 1 0 0 0 0 0 1 1 1 0 0 1 1 1 1 1 1 0 0 1 1 0 0 1 1 0 0 1 1 1 0 0
 0 1 1 1 1 0 1 0 0 1 1 0 0 1 1 1 1 1 1 1 1 1 1 1 1 1 1 1 1 1 1 0 0 0 0 1 1
 1 1 0 0 0 1 1 1 0 0 0 0 0 0 0 1 1 1 1 1 0 1 1 1 1 1]
time:5 0.97 0.58
[1 1 1 0 0 1 1 0 0 0 0 0 0 0 0 0 0 1 0 0 1 0 0 0 0 0 0 0 0 0 0 0 0 0 1 0 0
 1 0 1 1 1 1 0 1 0 0 1 1 1 1 0 0 1 1 0 0 1 0 0 1 0 0 1 0 1 1 0 1 1 1 1 1 1
 1 1 0 1 1 1 1 1 1 1 1 1 0 0 0 0 0 1 0 0 0 0 1 1 1 1]
time:6 1.0 0.46
[0 0 1 1 1 1 0 0 0 0 1 1 1 0 0 0 1 1 0 1 1 1 1 0 0 0 1 1 0 0 1 1 1 1 1 0 1
 0 1 1 1 1 0 1 1 0 0 1 1 0 1 1 1 1 1 1 1 0 0 0 0 0 0 1 0 1 1 0 0 1 0 1 1 1
 1 0 0 1 0 1 1 1 1 0 0 1 1 0 0 0 0 1 1 1 0 0 1 0 0 0]
time:7 1.0 0.38
[1 0 1 0 1 1 0 0 0 0 1 1 1 1 0 0 1 0 1 1 1 0 0 0 1 1 1 1 1 1 1 1 1 1 1 1 0
 1 1 1 1 1 1 0 0 0 0 1 0 0 0 0 1 1 1 1 1 1 1 0 0 1 0 1 1 1 1 0 0 0 0 0 1 0
 0 0 0 0 1 1 1 1 1 1 1 0 1 1 1 1 0 1 1 1 0 0 0 1 1 1]
time:8 0.99 0.47
[1 0 1 1 1 1 1 0 0 0 1 0 1 1 0 1 0 1 1 1 0 0 0 0 0 1 0 0 1 1 1 1 1 1 1 1 1
 1 1 1 1 0 0 0 0 0 1 1 0 1 1 0 0 0 1 0 1 1 0 1 1 1 0 1 0 0 0 0 0 0 0 0 0 1
 0 0 0 1 1 0 0 0 1 1 1 1 1 1 0 0 0 0 0 0 0 0 1 0 0 0]
time:9 1.0 0.51
[0 1 0 0 0 1 1 0 0 0 0 1 1 1 1 0 0 1 0 0 1 0 0 0 0 0 0 0 1 0 0 1 1 1 1 0 0
 0 0 1 1 1 0 1 1 0 0 1 0 1 1 1 1 1 1 1 1 1 1 1 1 1 1 1 1 1 1 0 0 0 0 0 1 1
 0 0 1 0 0 1 1 0 0 0 0 0 1 0 0 1 0 1 0 0 0 1 0 0 0 1]
time:10 0.99 0.54
[0 0 1 0 0 1 0 1 0 0 0 0 1 1 0 1 1 1 0 0 1 0 0 1 0 0 1 1 1 1 0 1 0 1 1 0 1
 1 1 0 1 0 0 0 1 0 0 1 0 1 0 1 1 0 1 1 1 1 1 1 1 0 0 1 1 0 1 0 0 0 0 0 1 0
 0 0 0 1 0 1 1 1 0 0 0 1 0 1 0 1 0 1 1 0 1 1 1 1 0 1]
time:11 0.98 0.46
[0 0 0 1 1 1 1 0 0 0 0 0 1 1 1 0 1 1 1 0 1 0 0 1 0 0 0 1 1 1 1 0 1 1 1 0 0
 1 1 1 0 0 0 0 1 0 0 1 1 0 0 1 1 1 1 1 1 0 0 0 0 1 1 1 0 0 1 0 0 0 1 0 0 0
 0 0 1 1 1 1 1 1 1 0 1 0 0 1 1 1 0 0 0 0 1 1 1 0 0 1]
time:12 0.47 0.51
[0 0 0 0 0 0 0 0 0 0 0 0 0 0 0 0 0 0 0 0 0 0 0 0 0 0 0 0 0 0 0 0 0 0 0 0 0
 0 0 0 0 0 0 0 0 0 0 0 0 0 0 0 0 0 0 0 0 0 0 0 0 0 0 0 0 0 0 0 0 0 0 0 0 0
 0 0 0 0 0 0 0 0 0 0 0 0 0 0 0 0 0 0 0 0 0 0 0 0 0 0]
time:13 0.97 0.49
[1 1 0 0 0 1 1 1 1 0 0 0 1 1 1 1 1 1 0 0 1 0 0 1 0 1 1 0 0 0 0 1 1 1 1 0 0
 1 1 1 0 1 0 0 1 0 0 1 1 1 0 0 1 1 1 1 1 1 0 1 1 0 0 0 0 1 1 1 0 0 1 0 1 0
 0 0 0 1 1 1 1 0 0 1 0 1 0 1 0 0 0 0 1 0 1 0 0 0 0 0]
time:14 0.99 0.39
[0 1 0 1 1 1 0 0 0 0 0 0 1 0 0 0 1 1 0 0 1 0 0 0 0 0 0 0 1 1 1 1 1 1 0 0 0
 1 1 1 1 1 1 1 0 0 0 1 0 0 1 0 1 1 1 1 1 1 0 1 1 1 1 1 1 1 1 0 0 0 1 1 0 0
 0 1 1 0 1 1 1 0 0 0 0 0 0 0 0 1 1 1 1 0 0 1 1 0 0 0]
time:15 0.99 0.41
[1 0 0 0 1 1 1 0 0 0 0 0 0 1 0 0 1 1 0 1 0 0 0 0 1 1 0 1 0 1 1 1 0 0 0 0 1
 1 1 1 1 1 1 0 1 0 1 1 0 0 0 0 1 1 1 1 1 0 0 1 1 1 1 1 1 1 1 0 0 0 0 0 0 1
 0 1 0 1 1 1 1 0 0 0 0 1 1 0 0 1 0 1 1 0 0 0 1 1 0 0]
time:16 0.97 0.46
[1 1 0 0 0 0 1 0 0 0 0 0 1 1 0 0 0 1 0 1 1 1 0 0 1 1 1 0 1 1 1 1 0 1 0 1 0
 0 0 1 1 0 0 1 0 0 1 1 0 0 0 0 1 1 1 1 1 1 0 1 1 1 1 0 1 1 1 1 1 1 1 1 0 0
 1 0 0 1 0 1 1 1 1 1 0 1 1 1 0 0 0 0 0 0 0 0 0 0 0 0]
time:17 0.56 0.49
[1 1 1 1 1 1 1 1 1 1 1 1 1 1 1 1 1 1 1 1 1 1 1 1 1 1 1 1 1 1 1 1 1 1 1 1 1
 1 1 1 1 1 1 1 1 1 1 1 1 1 1 1 1 1 1 1 1 1 1 1 1 1 1 1 1 1 1 1 1 1 1 1 1 1
 1 1 1 1 1 1 1 1 1 1 1 1 1 1 1 1 1 1 1 1 1 1 1 1 1 1]
time:18 1.0 0.54
[0 0 0 0 0 1 0 0 0 0 0 1 1 1 1 1 1 1 0 0 0 1 0 0 1 1 0 0 0 1 1 1 1 1 1 0 0
 0 1 1 0 1 1 0 1 0 0 0 0 0 0 0 0 1 1 1 1 1 1 1 1 0 0 0 1 1 1 0 1 0 1 1 1 0
 0 1 0 1 0 1 0 1 0 1 0 0 1 1 0 1 0 1 1 0 0 1 1 1 0 1]
time:19 1.0 0.43
[1 0 0 0 0 1 1 0 0 1 1 0 1 1 1 0 1 1 1 0 1 0 0 0 1 1 1 1 0 1 1 1 1 1 1 0 0
 1 1 1 0 0 1 0 0 1 0 0 1 1 1 1 0 0 0 1 1 1 0 1 1 1 1 1 1 0 0 0 0 1 0 1 0 1
 1 0 1 0 1 1 1 1 1 0 0 1 1 1 0 1 1 1 0 0 0 1 1 1 0 1]
time:20 1.0 0.54
[1 1 1 1 1 1 0 0 0 0 1 0 0 1 0 0 0 1 1 0 1 1 0 1 0 0 0 0 0 1 1 1 0 1 1 0 0
 0 1 1 1 1 0 0 1 0 0 1 0 1 1 1 1 1 1 1 1 0 0 0 1 1 1 1 1 1 1 1 0 0 0 1 0 1
 1 1 1 0 0 0 1 1 1 1 1 1 0 1 0 0 0 1 0 0 1 1 1 0 0 1]
time:21 0.54 0.49
[1 1 1 1 1 1 1 1 1 1 1 1 1 1 1 1 1 1 1 1 1 1 1 1 1 1 1 1 1 1 1 1 1 1 1 1 1
 1 1 1 1 1 1 1 1 1 1 1 1 1 1 1 1 1 1 1 1 1 1 1 1 1 1 1 1 1 1 1 1 1 1 1 1 1
 1 1 1 1 1 1 1 1 1 1 1 1 1 1 1 1 1 1 1 1 1 1 1 1 1 1]
time:22 0.99 0.48
[1 1 0 0 0 1 0 0 1 0 1 1 1 1 0 0 1 1 1 0 1 0 0 1 0 1 0 0 1 1 1 1 1 1 1 0 0
 0 1 1 1 1 1 1 1 0 0 0 0 1 0 0 0 1 1 1 1 1 0 1 1 1 1 1 1 1 1 1 1 1 1 1 0 1
 1 0 0 0 0 0 1 1 0 1 0 1 0 0 0 0 0 1 1 1 1 0 0 0 0 0]
time:23 0.99 0.44
[1 0 1 0 0 0 0 0 0 1 0 1 1 1 0 0 1 1 1 0 1 1 0 0 0 1 0 1 1 1 1 1 1 1 1 0 0
 1 1 1 1 1 0 0 0 0 0 1 1 1 0 0 1 0 1 1 1 0 0 1 1 1 0 1 0 1 1 0 0 1 1 1 1 1
 0 0 0 1 0 0 0 0 0 0 0 0 0 1 0 0 0 0 0 1 1 1 1 0 0 0]
time:24 0.99 0.54
[0 0 0 0 0 0 0 0 0 0 0 0 1 1 0 0 1 1 0 1 1 0 1 0 0 0 0 0 1 1 1 0 0 0 1 1 1
 1 1 0 0 1 1 1 1 0 0 1 1 1 1 0 0 1 1 1 1 1 0 0 1 1 1 0 1 0 1 0 0 0 0 0 0 0
 1 1 0 1 1 0 1 1 0 1 1 0 0 0 1 1 0 1 1 1 0 0 0 0 0 1]
time:25 0.99 0.42
[0 0 1 1 1 0 0 0 0 0 0 0 0 1 0 0 1 1 1 0 1 0 0 0 0 0 0 0 1 1 1 1 1 0 0 0 0
 1 1 1 1 1 1 0 1 0 0 1 1 1 0 0 1 1 1 1 1 0 0 0 0 0 1 1 1 1 1 0 0 1 1 1 0 1
 0 0 0 0 0 1 1 0 0 0 0 0 0 0 0 1 0 1 1 1 0 0 0 0 0 0]
time:26 1.0 0.48
[0 0 1 0 0 1 0 0 0 0 0 0 0 1 1 0 1 1 1 1 0 1 1 1 1 1 0 1 1 1 1 1 1 1 1 0 0
 0 1 0 1 1 0 0 1 1 0 1 1 0 0 0 1 1 1 1 1 0 1 0 1 1 1 1 1 1 1 0 0 0 0 1 0 1
 0 0 1 0 0 0 1 0 0 0 1 0 0 0 0 0 0 1 0 1 1 1 1 0 0 0]
time:27 1.0 0.52
[1 1 1 0 0 1 1 0 0 0 0 1 1 1 1 0 0 1 0 1 1 0 0 0 0 0 0 1 1 1 1 0 0 1 1 0 0
 0 1 1 1 1 1 0 1 1 1 1 1 0 0 0 0 0 1 1 1 1 0 1 1 1 1 1 1 1 1 1 0 0 0 0 0 1
 0 0 0 1 1 1 1 1 0 0 0 1 0 0 0 0 0 0 0 1 0 0 1 1 1 1]
time:28 0.99 0.49
[1 1 0 0 0 1 1 0 0 1 1 0 1 1 0 0 1 1 0 0 1 0 0 0 0 1 1 1 1 1 1 1 1 1 1 0 0
 0 1 0 0 1 0 0 1 0 0 1 0 0 1 0 1 1 1 1 1 1 1 1 1 1 0 0 0 1 1 0 0 0 0 1 1 0
 1 0 1 1 1 1 1 1 0 0 0 0 1 0 0 1 0 1 0 0 0 0 0 0 0 0]
time:29 1.0 0.48
[1 1 1 1 1 1 0 0 1 0 0 0 0 1 1 0 1 1 0 1 1 1 1 0 0 0 1 1 1 1 1 1 1 1 1 0 0
 0 1 1 1 1 1 0 1 1 1 0 0 0 0 0 0 0 1 1 1 0 0 0 0 1 1 1 1 1 1 0 0 0 0 0 1 1
 0 0 0 1 1 0 1 1 0 0 0 0 0 0 0 0 0 0 0 0 0 1 0 0 0 1]
time:30 1.0 0.49
[0 0 1 1 1 1 0 0 0 0 0 0 0 1 0 0 1 1 0 0 1 1 0 1 1 1 0 1 1 1 1 1 1 1 0 0 0
 1 1 0 1 0 0 1 0 0 0 0 1 0 0 0 0 1 1 1 1 0 0 0 0 1 1 1 1 0 1 1 1 1 0 0 1 1
 0 0 0 0 1 0 1 1 1 1 1 0 1 1 0 1 0 1 1 0 0 0 0 0 0 1]
time:31 0.98 0.58
[1 1 1 1 1 1 0 0 0 1 0 1 0 1 1 0 1 1 0 0 1 0 1 0 0 0 0 1 1 1 1 0 1 1 1 1 0
 1 1 0 1 1 1 1 1 1 0 0 0 0 1 1 1 1 1 1 1 1 0 0 1 1 1 1 0 1 1 1 1 1 0 0 0 0
 1 0 0 1 1 1 0 1 0 1 0 0 0 1 0 1 0 1 1 0 0 1 1 0 0 0]
time:32 0.99 0.45
[1 0 1 1 1 0 1 1 1 0 0 1 1 1 1 1 0 1 0 1 1 1 0 1 0 1 0 1 0 0 1 1 1 1 1 0 0
 1 1 1 1 1 0 0 0 0 0 1 1 1 1 1 1 0 1 1 1 0 0 1 0 1 1 1 1 1 0 0 0 1 0 1 1 1
 1 0 0 1 0 1 1 1 1 1 1 0 1 1 1 0 0 1 1 0 0 0 0 0 0 1]
time:33 0.73 0.55
[1 1 1 0 1 1 0 0 0 0 0 0 1 0 1 0 0 0 0 0 1 1 0 0 1 0 1 1 1 0 1 0 1 0 1 0 0
 0 1 0 0 1 0 0 0 0 0 0 0 0 0 0 0 0 0 0 0 0 0 0 0 0 1 0 0 1 1 0 1 1 0 0 0 0
 0 0 0 1 0 0 0 1 1 0 0 0 0 1 0 0 1 0 1 1 0 0 0 0 0 0]
time:34 0.49 0.49
[1 1 1 1 1 1 1 1 1 1 1 1 1 1 1 1 1 1 1 1 1 1 1 1 1 1 1 1 1 1 1 1 1 1 1 1 1
 1 1 1 1 1 1 1 1 1 1 1 1 1 1 1 1 1 1 1 1 1 1 1 1 1 1 1 1 1 1 1 1 1 1 1 1 1
 1 1 1 1 1 1 1 1 1 1 1 1 1 1 1 1 1 1 1 1 1 1 1 1 1 1]
time:35 0.47 0.51
[0 0 0 0 0 0 0 0 0 0 0 0 0 0 0 0 0 0 0 0 0 0 0 0 0 0 0 0 0 0 0 0 0 0 0 0 0
 0 0 0 0 0 0 0 0 0 0 0 0 0 0 0 0 0 0 0 0 0 0 0 0 0 0 0 0 0 0 0 0 0 0 0 0 0
 0 0 0 0 0 0 0 0 0 0 0 0 0 0 0 0 0 0 0 0 0 0 0 0 0 0]
time:36 0.99 0.45
[0 0 0 0 0 0 1 0 0 0 0 0 1 1 1 0 1 1 1 1 1 0 0 0 0 0 0 0 0 0 1 1 1 0 0 0 0
 0 1 1 1 0 1 1 1 1 0 1 0 0 0 1 1 1 0 0 0 0 0 1 1 1 1 1 1 1 1 0 0 0 0 0 1 1
 1 0 0 1 0 1 1 0 1 0 1 1 1 1 0 0 0 0 0 1 0 1 0 0 0 0]
time:37 1.0 0.46
[1 1 0 0 1 1 0 0 0 0 0 0 1 1 0 0 1 1 1 1 1 0 0 0 0 0 1 0 1 1 1 1 1 1 1 0 0
 0 1 1 1 1 0 0 1 0 0 0 1 0 1 0 0 1 1 1 1 0 0 0 0 0 1 1 1 1 1 1 0 1 0 1 1 1
 0 1 0 0 0 1 1 0 1 1 1 1 0 0 0 1 0 1 0 0 0 0 1 0 0 1]
time:38 0.99 0.4
[1 0 0 0 0 0 0 0 0 0 0 0 1 1 0 0 1 1 0 0 1 1 0 0 0 0 1 0 0 1 1 1 1 1 1 0 0
 1 1 1 1 1 1 0 0 0 0 1 0 0 0 1 1 1 1 1 1 0 1 1 1 1 1 1 1 1 1 1 0 0 1 1 0 0
 0 0 0 0 0 0 1 0 0 1 1 0 0 1 1 1 0 1 0 1 0 0 0 0 0 0]
time:39 0.99 0.46
[1 0 0 0 0 1 0 0 0 0 0 0 0 1 1 0 0 1 1 0 1 0 0 0 0 1 1 1 0 1 0 0 0 0 0 0 1
 1 1 1 1 0 0 0 0 0 0 1 0 1 1 0 0 0 0 0 0 1 1 1 1 1 1 1 1 1 1 0 0 1 0 1 1 1
 0 0 1 0 1 1 1 0 0 0 0 1 1 1 0 0 0 1 0 0 0 0 0 1 0 1]
time:40 1.0 0.5
[1 1 1 1 1 0 0 0 0 0 1 0 1 1 0 0 0 1 0 0 1 0 0 0 0 1 0 0 0 0 1 1 0 1 0 0 0
 1 1 0 0 0 0 1 1 1 0 1 0 0 1 1 0 1 1 1 1 1 0 1 1 1 1 0 1 0 1 0 1 0 0 0 1 1
 1 1 0 1 1 1 1 0 1 1 0 0 0 0 0 0 0 1 0 0 1 0 1 1 1 0]
time:41 0.97 0.49
[0 0 0 0 0 1 1 0 0 0 0 0 0 1 0 0 0 1 0 0 1 0 1 1 1 1 1 1 1 1 0 1 0 0 1 0 0
 1 1 1 1 1 0 0 1 0 0 1 1 1 0 0 1 1 1 1 0 0 0 1 1 0 0 1 1 1 1 0 0 0 1 1 1 1
 0 0 1 1 0 0 1 1 0 0 0 0 1 1 0 1 0 1 1 1 0 0 0 0 0 0]
time:42 1.0 0.4
[0 0 0 0 1 0 0 0 0 1 1 1 1 1 1 0 0 1 1 0 1 0 0 0 0 1 1 0 0 0 0 1 1 1 1 0 0
 1 1 1 1 0 0 0 1 0 0 0 0 1 1 0 0 0 1 1 1 0 0 0 1 1 0 1 1 0 0 0 0 0 1 1 1 1
 1 0 0 0 1 1 1 1 1 0 0 1 1 0 0 1 0 1 0 0 0 1 0 0 0 0]
time:43 0.99 0.45
[0 1 1 1 1 1 1 0 0 0 0 1 1 1 0 0 0 1 1 1 1 1 0 0 0 1 1 1 1 1 1 1 1 1 0 0 1
 1 1 1 0 0 1 1 1 0 0 1 0 0 1 0 1 1 1 1 1 1 0 1 1 1 1 1 0 0 1 0 0 1 0 1 1 1
 0 0 0 1 0 1 1 0 0 0 0 0 0 1 0 1 0 1 0 0 0 0 1 0 0 1]
time:44 1.0 0.43
[1 1 1 0 1 0 0 0 1 0 1 0 1 1 0 1 1 1 1 0 1 0 0 0 0 0 0 1 1 0 0 1 1 0 0 0 0
 1 1 1 0 0 0 1 1 0 0 1 0 0 1 1 1 1 1 0 0 0 0 1 1 1 1 1 1 0 1 0 0 0 0 0 0 1
 0 0 1 1 1 1 1 1 0 1 1 1 0 1 1 0 0 1 0 0 0 0 0 0 0 0]
time:45 0.99 0.56
[0 1 1 1 0 1 1 0 0 0 0 0 1 1 0 0 1 1 0 0 1 1 0 0 0 1 1 0 1 0 0 1 0 1 1 0 0
 1 1 1 0 1 0 1 1 0 1 1 0 0 1 0 0 1 0 1 1 1 0 1 1 1 0 0 0 1 0 0 0 0 0 1 1 1
 1 0 0 1 0 1 1 0 0 0 0 1 0 0 0 1 0 1 0 0 0 0 1 0 0 0]
time:46 0.98 0.44
[0 0 0 0 0 0 0 0 0 0 0 1 1 1 1 1 1 1 1 0 1 0 0 1 0 0 0 1 1 1 0 1 1 1 1 0 0
 1 1 1 1 1 1 0 0 1 0 1 0 1 1 0 0 1 1 1 1 0 0 1 1 1 1 1 1 1 1 0 0 1 1 1 0 0
 1 0 0 0 0 0 1 1 0 0 1 1 0 0 0 0 0 1 1 0 0 0 0 0 0 0]
time:47 0.98 0.49
[1 0 0 1 1 1 0 0 1 1 0 0 1 1 0 0 0 1 0 1 1 1 1 1 0 1 1 1 1 1 1 1 1 1 1 0 0
 1 1 1 1 1 0 0 1 0 0 1 0 0 1 0 1 1 1 1 1 0 0 0 0 1 1 0 1 1 1 0 1 1 1 0 0 1
 1 0 0 1 0 0 1 1 1 0 0 0 0 0 0 0 0 1 0 0 0 0 0 0 0 0]
time:48 0.44 0.49
[1 1 1 1 1 1 1 1 1 1 1 1 1 1 1 1 1 1 1 1 1 1 1 1 1 1 1 1 1 1 1 1 1 1 1 1 1
 1 1 1 1 1 1 1 1 1 1 1 1 1 1 1 1 1 1 1 1 1 1 1 1 1 1 1 1 1 1 1 1 1 1 1 1 1
 1 1 1 1 1 1 1 1 1 1 1 1 1 1 1 1 1 1 1 1 1 1 1 1 1 1]
time:49 0.98 0.52
[1 1 0 1 1 1 0 0 0 0 1 0 1 1 1 0 1 1 0 1 1 1 1 0 0 0 0 1 1 1 0 1 1 0 0 1 1
 0 1 1 0 0 0 1 1 0 0 1 0 0 1 0 1 1 1 1 1 1 1 1 1 1 1 1 0 0 1 0 0 0 0 0 1 0
 0 0 1 1 0 0 1 1 0 0 1 1 0 0 1 1 0 1 1 0 0 0 0 0 0 1]
0.37:1
0.38:1
0.4:3
0.41:1
0.43:5
0.44:3
0.46:6
0.47:4
0.49:11
0.5:5
0.51:2
0.54:4
0.55:1
0.56:1
0.57:2
[50, 49, 43, 49, 47, 57, 46, 37, 46, 50, 54, 46, 50, 49, 38, 40, 46, 49, 54, 43, 54, 49, 47, 43, 54, 41, 47, 51, 49, 47, 49, 57, 44, 55, 49, 50, 44, 46, 40, 46, 50, 49, 40, 44, 43, 56, 43, 49, 49, 51]
47.58 22.4436
