time:0 1.0 0.41
[0 1 0 1 0 0 0 0 1 1 0 1 1 0 1 1 1 1 0 0 0 0 0 0 0 1 1 1 1 0 0 0 1 1 1 0 1
 1 1 1 1 1 0 0 1 0 0 0 1 1 1 0 0 1 1 1 1 1 1 1 1 1 0 1 1 1 0 0 0 0 0 0 1 1
 0 1 1 1 1 1 1 0 0 0 0 0 0 0 0 0 0 1 0 0 0 0 0 0 0 0]
time:1 1.0 0.53
[0 1 0 1 0 0 1 0 0 0 1 0 0 0 0 0 1 1 0 0 1 0 0 0 0 1 1 1 0 0 0 1 1 1 1 1 0
 1 1 1 1 1 1 1 1 1 0 0 0 0 1 0 1 0 1 1 1 0 1 1 0 1 0 1 1 1 1 1 1 1 1 0 0 1
 0 0 1 1 1 0 0 0 0 0 0 0 0 0 0 1 0 1 0 0 1 1 1 0 0 1]
time:2 0.95 0.48
[1 1 1 0 0 1 0 0 0 0 0 0 0 1 1 1 1 1 1 0 1 1 0 0 0 1 1 1 0 0 0 1 1 1 1 0 0
 1 0 1 1 1 0 1 1 1 0 0 0 1 1 0 1 1 1 1 1 1 0 0 0 0 1 1 1 1 0 0 0 0 0 0 0 1
 1 1 0 1 1 0 0 1 1 0 0 0 0 0 0 1 0 1 0 0 0 0 0 0 0 0]
time:3 0.98 0.41
[0 0 0 0 0 0 0 0 1 0 0 1 1 1 0 0 1 1 0 0 1 0 0 1 0 1 1 1 0 0 0 1 0 0 0 0 1
 1 1 1 1 1 0 0 0 0 1 1 0 1 1 1 1 1 1 1 1 1 0 1 0 1 1 1 1 1 1 0 0 0 0 0 1 1
 0 0 0 1 0 1 1 0 0 1 0 0 0 0 0 0 0 1 0 0 0 0 0 0 0 1]
time:4 0.99 0.43
[1 1 1 0 0 1 0 0 0 0 1 1 1 1 0 0 1 1 0 0 1 0 0 0 0 1 1 0 0 0 0 1 0 0 1 0 1
 1 1 0 0 1 1 1 1 0 0 0 0 1 0 0 0 1 1 1 1 0 0 1 0 0 1 1 1 0 0 0 1 0 0 1 1 1
 0 0 1 1 1 0 1 0 0 0 0 0 0 0 0 0 0 1 0 0 1 1 1 0 1 0]
time:5 0.97 0.54
[1 1 0 0 0 0 0 0 1 0 0 1 0 1 1 0 1 1 0 0 1 0 0 0 0 1 1 1 1 0 0 1 1 0 1 0 0
 1 1 1 1 1 1 0 1 1 0 1 0 1 0 0 1 1 1 1 1 0 0 0 1 0 0 1 1 1 1 0 0 1 0 1 1 1
 0 0 0 1 0 0 0 1 1 1 1 1 0 0 0 0 0 1 1 1 0 1 1 1 0 1]
time:6 0.98 0.5
[1 1 0 0 1 1 1 0 0 0 1 1 0 1 1 1 1 1 0 0 1 0 0 0 0 1 1 0 0 0 0 1 0 1 1 1 0
 1 1 1 1 1 1 1 1 1 1 1 1 1 0 0 0 1 1 1 1 1 1 0 1 0 0 1 1 1 1 0 0 0 0 0 0 0
 0 0 0 0 0 0 0 0 0 0 1 1 0 0 0 0 0 0 1 1 1 1 1 1 0 0]
time:7 0.98 0.45
[1 1 1 0 1 1 0 0 0 1 1 1 1 1 1 0 1 1 0 0 0 0 0 0 0 0 1 1 1 1 1 1 1 0 0 0 0
 1 1 1 1 0 0 1 1 0 0 1 1 1 1 0 1 1 1 1 1 1 0 0 0 0 0 1 1 1 1 0 0 0 0 1 0 1
 0 0 0 1 0 1 0 0 0 0 0 0 0 0 0 1 0 1 1 1 1 1 0 0 0 0]
time:8 1.0 0.4
[1 1 1 0 0 0 0 0 1 0 1 1 1 1 0 1 1 1 0 1 1 1 0 0 0 1 1 1 1 1 1 1 1 1 1 0 0
 0 1 1 1 1 1 1 1 1 1 1 1 1 1 1 1 1 1 1 1 0 0 0 0 0 0 1 0 0 1 1 0 0 1 0 0 1
 0 0 0 1 1 1 1 0 0 0 0 0 0 0 0 1 0 1 0 0 1 0 1 0 1 0]
time:9 0.99 0.54
[0 1 0 0 0 1 1 1 1 0 1 0 0 1 1 1 1 1 1 0 1 0 0 0 0 0 0 1 0 1 1 1 1 0 0 1 0
 1 1 1 1 1 0 1 1 1 0 1 0 1 1 0 0 1 1 1 1 1 1 0 0 1 0 1 1 1 1 0 0 1 0 1 1 1
 0 0 0 0 0 0 1 1 0 0 1 0 0 0 0 1 0 1 1 1 1 1 1 0 0 0]
time:10 0.99 0.53
[1 1 1 1 0 0 1 0 0 0 1 0 0 0 0 0 1 1 0 0 1 0 0 1 1 1 1 1 0 0 0 1 0 0 0 1 0
 1 1 1 0 1 0 1 1 1 0 0 0 0 0 1 1 1 1 1 1 0 0 1 0 0 0 1 1 1 0 0 0 0 0 0 0 1
 0 0 1 1 1 0 0 0 0 0 0 1 0 0 0 1 0 1 0 1 1 1 1 1 0 1]
time:11 0.98 0.43
[0 0 0 0 0 1 0 0 1 0 1 1 1 1 0 0 1 1 1 0 1 0 0 0 0 1 1 0 1 0 0 1 1 1 1 0 1
 1 1 1 1 1 0 0 1 1 0 0 0 0 0 1 1 1 1 1 1 1 0 0 0 0 0 1 1 1 0 0 1 0 0 1 1 1
 0 0 1 1 0 0 0 0 0 1 1 0 0 0 0 0 0 0 0 0 0 0 0 0 0 1]
time:12 0.97 0.41
[0 1 0 1 0 0 0 0 1 0 1 1 1 1 1 1 1 1 1 0 1 0 0 0 0 1 1 1 1 0 1 1 0 1 1 0 0
 1 1 1 1 1 1 1 1 1 1 1 1 1 1 0 1 1 1 1 1 0 0 0 0 1 1 1 1 1 1 1 0 1 0 1 1 1
 0 1 0 1 1 1 1 0 0 0 0 0 0 0 0 0 0 1 0 0 0 1 1 1 0 0]
time:13 0.99 0.45
[0 1 1 1 1 1 0 0 0 0 1 0 0 1 0 0 1 1 0 0 1 0 0 1 1 1 1 1 0 0 0 1 1 1 1 0 0
 1 1 1 0 0 0 1 1 0 0 1 1 1 1 1 1 1 1 1 1 1 0 0 0 0 1 1 1 1 0 0 0 0 0 1 0 1
 1 0 0 1 1 0 1 0 0 0 1 0 0 0 0 0 0 1 1 1 0 0 0 0 0 1]
time:14 1.0 0.44
[1 1 1 1 0 1 0 0 1 0 0 1 0 0 0 1 1 1 0 0 1 0 0 0 0 1 1 1 1 1 1 1 1 1 0 0 0
 1 1 1 1 1 0 1 1 0 0 1 1 1 0 0 0 0 1 1 1 0 0 0 0 1 1 1 1 1 0 0 0 0 0 1 0 1
 0 0 0 0 0 0 1 1 0 1 1 0 0 1 0 0 0 1 0 1 1 1 1 0 1 0]
time:15 1.0 0.48
[0 0 1 0 0 0 0 0 1 1 0 1 0 0 0 0 1 1 1 0 0 0 1 0 0 1 1 1 0 0 0 0 0 0 1 1 1
 0 1 1 1 1 0 0 1 1 1 0 0 1 1 0 1 1 1 1 1 0 1 0 0 0 1 1 1 1 0 0 0 0 0 1 0 1
 0 0 0 1 0 0 1 1 1 1 0 1 0 0 0 1 0 1 0 0 0 0 0 0 0 0]
time:16 1.0 0.51
[0 1 0 0 0 0 0 0 0 1 0 1 0 1 0 0 1 1 0 0 1 0 0 0 0 1 1 0 1 1 1 1 1 1 1 0 0
 1 1 1 1 1 1 1 1 1 1 1 1 1 1 0 0 1 1 1 1 1 1 0 0 0 0 1 1 1 1 0 1 1 0 1 0 1
 0 0 0 1 0 0 0 0 0 0 0 0 0 0 0 0 0 1 0 1 1 1 1 0 0 0]
time:17 0.98 0.61
[0 1 0 1 0 1 0 0 1 1 0 1 1 1 1 1 1 1 1 0 1 0 0 0 0 1 1 1 1 0 0 1 0 0 1 0 1
 1 1 1 1 1 0 1 1 1 1 1 0 0 1 0 1 1 1 1 1 0 1 0 0 0 1 1 1 1 1 1 1 1 1 1 1 1
 1 0 0 1 0 0 0 1 0 1 1 1 0 0 0 1 0 1 1 1 1 1 1 0 0 1]
time:18 0.98 0.53
[1 1 0 0 0 0 0 0 1 1 1 1 0 1 1 1 1 1 1 1 1 1 0 0 0 0 1 0 1 0 0 1 0 0 1 1 0
 0 1 1 1 1 1 1 1 1 0 1 1 1 0 0 1 1 1 1 1 1 1 0 0 0 1 1 1 1 1 0 0 0 0 1 0 1
 1 1 0 1 0 0 1 0 0 1 1 0 0 0 0 0 0 1 0 0 1 0 1 0 1 1]
time:19 1.0 0.44
[1 1 0 0 0 1 0 1 1 0 1 1 1 1 1 0 1 1 1 0 1 0 0 0 0 0 1 0 1 0 1 1 1 1 0 0 0
 0 1 1 1 0 0 1 1 0 0 1 0 1 1 0 1 1 1 1 0 0 0 0 0 1 0 1 1 1 0 0 1 0 1 1 0 1
 0 1 0 1 0 1 1 0 0 1 1 0 0 1 0 1 1 1 0 1 1 1 0 0 1 1]
time:20 0.97 0.48
[0 1 0 1 0 1 0 0 1 0 1 1 0 1 1 0 1 1 1 0 1 0 0 0 0 1 1 1 1 0 0 1 1 1 0 0 0
 1 1 1 1 1 1 1 1 1 0 1 1 1 1 0 1 1 1 1 1 1 1 0 0 1 1 1 1 1 1 1 0 0 0 0 1 1
 0 0 1 1 1 0 0 0 0 1 0 0 0 0 0 1 0 1 0 0 1 1 1 0 0 0]
time:21 0.96 0.52
[0 1 1 1 1 0 0 0 1 0 0 0 1 1 1 0 1 1 0 1 1 1 1 0 0 1 1 1 1 0 1 1 1 1 1 1 0
 1 1 1 1 0 0 1 1 1 1 0 1 0 0 0 0 1 1 1 1 1 1 0 0 1 0 1 1 1 1 1 1 0 0 1 1 0
 0 1 0 1 0 0 0 0 0 0 0 0 0 0 0 0 1 1 1 1 1 1 1 0 0 0]
time:22 1.0 0.47
[0 1 1 1 1 0 0 0 1 0 1 1 1 1 0 1 1 1 0 1 0 0 0 0 0 1 1 1 1 0 1 1 1 1 1 1 1
 1 1 1 1 1 1 1 1 1 0 1 0 1 1 0 1 1 1 1 1 1 0 0 0 0 1 1 1 1 1 0 0 0 0 0 1 1
 1 1 0 1 0 0 0 0 0 0 0 0 0 0 0 1 0 1 0 1 1 1 1 0 0 0]
time:23 0.99 0.49
[0 1 0 0 1 1 1 0 1 0 0 1 0 1 0 0 1 1 1 1 1 1 0 0 0 0 1 0 1 1 0 1 1 0 1 1 0
 1 1 1 1 1 1 1 1 1 1 1 0 1 0 0 0 1 1 1 1 1 0 0 0 1 0 1 1 1 0 0 0 1 0 1 1 1
 0 0 0 1 1 1 0 0 0 0 0 0 0 1 0 1 0 1 0 0 1 1 1 0 0 0]
time:24 0.97 0.51
[0 1 1 0 1 0 1 0 0 1 0 1 0 0 1 0 1 1 0 0 1 0 0 1 0 1 1 1 0 0 0 1 0 1 1 1 0
 1 1 1 1 0 0 0 1 0 0 1 1 0 1 0 1 1 1 1 1 0 0 0 0 1 0 1 1 1 1 0 0 0 0 1 0 1
 0 0 0 1 0 1 1 0 0 0 1 0 0 0 0 1 0 1 1 0 1 1 1 1 1 0]
time:25 0.97 0.53
[0 1 1 1 0 1 1 0 0 0 1 0 1 1 1 1 1 1 0 1 1 0 1 0 0 1 1 1 1 1 0 1 1 1 1 1 0
 1 1 1 1 0 0 1 1 1 1 0 1 1 0 0 0 1 1 1 1 1 0 1 0 0 0 1 1 1 1 0 0 1 0 0 1 1
 0 0 0 1 1 0 0 0 0 0 1 1 0 0 0 0 0 1 1 1 1 1 1 0 0 0]
time:26 0.96 0.44
[0 1 0 0 0 0 0 0 0 0 0 1 0 1 1 0 1 1 0 0 0 0 0 0 0 1 1 0 0 0 0 1 1 1 1 1 0
 1 1 1 1 1 0 1 1 1 0 1 0 1 0 1 1 1 1 1 1 0 1 0 0 1 1 1 1 1 1 0 1 1 0 1 1 1
 0 0 1 0 0 0 1 0 0 0 0 1 0 0 0 0 1 1 1 1 0 1 1 0 1 0]
time:27 0.96 0.5
[0 0 0 1 0 0 1 0 0 1 0 1 0 1 0 0 1 1 0 0 1 0 0 0 0 0 1 1 1 0 0 1 1 1 1 0 0
 1 1 1 1 1 0 0 1 1 1 1 1 1 1 1 1 1 1 1 0 0 0 0 0 1 0 1 1 1 1 0 0 1 1 0 0 1
 0 1 1 1 0 1 1 0 0 0 0 0 0 0 0 1 0 1 1 1 0 1 1 1 0 1]
time:28 0.98 0.44
[1 1 0 0 0 1 1 0 0 0 1 1 0 1 0 1 1 1 0 0 1 0 0 0 0 1 1 1 1 0 0 1 0 0 0 1 0
 1 1 0 0 1 0 0 1 0 1 1 1 1 0 0 1 1 1 1 1 1 1 0 0 0 0 1 1 1 0 0 0 0 0 1 1 1
 0 0 1 1 0 0 1 0 0 0 0 0 0 0 0 0 0 1 0 0 0 0 0 0 0 1]
time:29 0.97 0.49
[1 1 0 0 0 1 1 0 1 0 1 1 0 1 1 1 1 1 0 0 0 0 0 0 0 1 1 1 1 0 1 1 1 1 1 1 1
 1 1 1 1 1 1 0 1 1 1 1 0 0 1 1 1 1 0 1 1 0 0 1 0 0 1 1 1 0 1 0 0 0 0 1 1 1
 0 1 1 1 1 0 0 1 0 0 1 0 0 0 0 1 0 1 0 0 1 1 1 0 0 0]
time:30 0.95 0.41
[1 1 1 0 1 0 1 0 1 1 1 1 1 1 0 0 1 1 0 0 0 0 0 0 0 1 1 1 0 0 0 1 1 0 0 0 0
 1 1 1 1 1 1 0 1 1 0 0 0 0 1 1 1 1 1 1 1 1 0 0 0 0 1 1 1 1 1 0 0 1 1 0 1 1
 0 0 0 1 1 0 0 0 0 0 1 0 0 0 0 0 0 0 0 0 0 0 1 0 1 0]
time:31 0.98 0.45
[1 1 1 1 1 0 0 0 1 0 1 1 1 1 1 1 1 1 1 1 1 0 0 1 0 1 1 1 1 1 1 1 0 0 0 0 0
 1 0 1 1 1 1 0 1 1 1 1 1 1 1 0 0 1 1 1 1 1 1 1 1 1 1 1 1 1 1 1 1 1 1 0 0 1
 0 0 0 0 0 1 1 0 0 0 1 1 1 0 0 0 0 1 0 0 0 0 0 0 0 0]
time:32 0.99 0.49
[0 1 0 0 1 1 1 0 0 0 1 0 0 1 1 1 1 1 1 0 1 1 0 0 0 1 1 1 0 1 0 1 1 0 1 0 1
 1 1 1 0 0 0 1 1 1 0 0 0 0 1 0 1 0 1 1 0 0 1 1 0 0 0 1 1 1 0 0 0 1 0 0 0 1
 0 0 0 1 1 1 0 0 0 0 0 0 0 0 0 1 0 1 0 1 1 1 1 0 1 0]
time:33 0.98 0.6
[0 1 1 0 0 1 0 0 0 0 0 0 0 1 0 0 0 1 1 0 1 0 0 0 0 0 1 1 1 0 0 1 0 0 0 1 1
 0 1 1 1 1 1 0 1 1 0 1 0 0 1 0 1 1 1 1 1 0 1 0 0 0 0 1 1 1 0 0 0 0 0 0 0 1
 0 0 0 0 0 0 1 1 0 1 1 0 0 0 0 0 0 1 1 1 1 1 1 0 0 1]
time:34 0.97 0.45
[1 1 1 1 0 0 1 0 0 0 0 0 0 1 0 0 0 1 0 0 1 0 0 1 1 1 1 1 1 0 1 1 1 0 0 1 0
 1 1 1 1 0 1 1 1 0 0 1 1 1 1 1 1 1 1 1 1 0 1 0 0 1 0 1 1 1 0 0 1 0 0 1 0 1
 0 0 0 1 1 1 1 0 0 0 1 0 0 0 0 0 0 1 0 1 1 1 0 1 1 0]
time:35 0.99 0.54
[0 1 0 0 0 0 0 0 1 0 0 1 0 0 0 0 0 1 0 0 1 0 0 0 0 1 1 0 0 0 0 1 1 0 1 0 0
 0 1 0 0 1 1 1 1 0 1 1 0 0 1 0 1 0 1 1 1 0 1 1 0 0 1 1 1 1 1 1 0 1 1 1 0 0
 0 0 0 1 0 0 0 1 0 0 0 0 0 0 0 0 0 1 0 0 1 1 1 0 0 0]
time:36 0.96 0.49
[1 1 1 0 0 0 0 0 1 0 0 0 0 1 1 0 1 1 0 0 0 0 0 1 1 1 1 1 1 1 0 1 1 1 1 1 0
 1 1 1 1 1 1 0 1 1 0 1 1 1 1 0 1 1 1 1 1 0 0 0 0 1 1 1 1 1 1 0 0 0 0 1 1 1
 0 1 1 1 0 1 1 0 0 0 1 0 1 0 0 1 0 1 1 1 1 1 1 0 0 0]
time:37 0.99 0.47
[0 0 0 0 0 0 0 0 0 0 1 1 1 1 1 0 1 1 1 0 0 0 0 0 0 1 1 1 1 1 1 1 1 1 1 1 1
 0 1 1 0 0 1 1 1 0 1 1 0 1 0 1 1 1 1 1 1 1 0 1 0 0 1 1 1 1 1 0 0 0 0 0 0 1
 1 0 0 1 0 0 1 0 0 0 1 1 0 0 0 1 0 1 1 1 1 1 1 1 0 1]
time:38 0.97 0.54
[0 1 0 0 0 0 1 0 1 1 1 1 1 1 1 1 1 1 0 0 1 0 0 0 0 1 1 0 0 0 0 1 1 1 1 1 0
 1 1 1 0 1 0 0 1 1 0 1 1 1 1 1 1 1 1 1 1 1 0 1 0 1 1 1 1 1 1 0 0 1 0 1 0 1
 1 0 0 1 0 0 1 0 0 1 1 1 1 0 0 0 0 1 0 0 1 0 1 0 0 0]
time:39 0.98 0.49
[1 1 0 1 0 0 0 0 1 0 1 0 1 1 0 1 1 1 0 0 1 0 0 0 0 1 1 0 0 0 1 1 1 1 1 1 0
 1 1 1 1 1 1 1 1 1 1 1 1 1 1 0 0 1 1 1 1 0 0 0 0 0 0 0 1 1 1 0 1 1 0 1 0 1
 1 0 0 1 0 0 0 1 0 0 0 0 0 0 0 0 0 1 0 0 0 0 1 0 0 1]
time:40 0.99 0.46
[0 1 1 1 1 0 0 0 1 0 0 0 0 0 1 0 1 1 1 0 1 0 0 0 0 1 1 1 1 1 0 1 1 1 1 0 0
 1 1 1 1 1 0 1 1 0 0 0 1 1 1 0 1 1 1 1 1 1 0 0 0 0 0 1 1 1 0 0 1 0 0 1 0 1
 1 0 0 1 0 0 0 0 0 0 1 0 0 0 0 0 0 1 0 0 0 0 0 0 0 0]
time:41 0.95 0.52
[0 1 1 0 0 0 0 0 0 0 1 1 1 1 1 1 1 1 0 0 1 0 0 0 0 0 1 1 1 1 0 1 0 0 1 0 0
 1 1 1 1 1 0 0 1 1 0 1 0 1 1 0 0 1 1 1 1 0 1 0 0 0 1 1 1 1 1 1 1 1 0 0 1 1
 0 0 0 1 0 0 1 0 0 0 0 0 0 0 0 0 0 0 0 1 1 0 1 0 0 0]
time:42 0.98 0.46
[1 1 0 0 1 1 1 0 0 0 1 1 1 1 1 1 1 1 1 0 1 0 0 0 0 1 1 1 0 1 0 1 1 0 0 1 0
 1 0 1 1 1 0 1 1 1 1 1 0 1 1 1 1 1 1 1 1 0 1 0 0 0 0 1 1 1 1 1 0 0 0 0 0 1
 0 0 0 1 1 0 1 1 0 1 0 0 0 0 0 1 0 1 0 0 0 1 1 0 0 0]
time:43 0.92 0.58
[0 1 1 1 1 0 0 0 1 0 0 0 0 1 1 0 0 1 0 0 0 0 1 1 1 1 1 1 1 0 0 1 0 0 1 1 0
 1 1 1 1 1 0 1 0 0 0 0 0 0 1 1 1 1 1 1 1 1 0 0 0 1 1 1 1 1 0 0 0 1 0 1 0 1
 1 0 0 1 0 0 0 0 0 1 0 1 1 0 0 1 0 1 1 1 1 1 0 0 0 0]
time:44 0.97 0.48
[0 1 1 1 1 0 0 0 0 0 1 0 1 0 1 0 1 1 0 1 1 1 0 0 0 0 1 0 1 1 1 1 1 0 0 0 0
 1 1 1 1 1 0 0 1 1 1 0 0 0 0 1 0 1 1 1 1 0 0 0 0 0 0 1 1 1 1 0 0 0 0 1 1 1
 1 0 1 1 0 0 1 0 0 0 0 0 0 0 0 0 0 1 1 1 1 1 1 1 0 0]
time:45 0.99 0.46
[0 0 0 1 0 0 0 0 0 0 0 0 0 1 0 0 1 1 0 0 1 0 0 0 0 1 1 0 0 0 0 1 0 1 1 0 1
 1 1 1 0 1 1 1 1 0 0 1 1 1 0 0 1 1 1 1 0 0 0 1 0 0 0 1 1 1 1 0 1 1 1 1 0 1
 0 0 1 1 0 0 0 0 0 0 1 0 0 0 0 0 0 1 1 0 0 1 1 0 1 0]
time:46 0.98 0.5
[1 1 1 1 1 1 1 0 0 0 1 0 0 1 1 1 1 1 0 0 1 0 0 1 0 1 1 1 1 1 0 1 1 1 1 0 0
 0 1 1 1 1 1 1 1 1 1 1 0 0 0 1 1 1 1 1 1 0 0 0 0 0 1 1 1 1 0 0 0 0 0 0 1 1
 0 0 0 1 1 0 0 1 0 0 1 1 0 0 0 1 0 1 0 1 1 1 1 0 0 0]
time:47 0.96 0.49
[1 1 0 0 0 1 0 0 0 0 0 1 0 1 1 1 1 1 0 0 1 0 0 0 0 1 1 1 1 0 0 0 1 1 1 1 0
 1 0 1 1 1 0 1 1 1 1 1 1 1 1 0 0 1 1 1 1 0 0 1 0 0 1 1 1 1 0 0 0 0 0 1 0 1
 0 1 0 1 0 1 1 0 0 1 1 1 0 0 0 0 0 1 0 0 0 0 1 0 0 0]
time:48 0.96 0.49
[0 1 1 0 0 0 0 0 0 0 0 0 1 1 1 0 1 1 0 0 1 0 0 0 0 1 1 1 1 1 1 1 1 1 1 1 1
 1 0 0 0 1 0 1 1 0 1 1 1 1 1 0 1 1 1 1 1 0 0 0 0 0 1 1 1 1 1 0 1 1 1 1 0 1
 0 0 0 0 0 0 0 1 0 0 0 0 0 0 0 0 0 1 1 1 1 0 1 0 0 0]
time:49 0.98 0.45
[0 1 0 1 1 1 0 1 0 0 0 1 1 1 1 1 1 1 1 0 1 0 0 0 0 1 1 1 1 1 0 1 1 1 1 1 0
 1 1 1 1 0 0 0 0 0 0 0 0 1 1 0 1 1 0 1 1 1 1 0 0 0 1 1 1 1 1 0 0 1 0 1 0 1
 0 0 1 1 1 1 0 0 0 0 1 1 0 0 0 0 0 1 0 0 1 1 1 0 0 0]
0.4:5
0.43:6
0.44:5
0.46:5
0.47:4
0.49:7
0.5:5
0.51:2
0.52:4
0.54:4
0.57:1
0.6:1
0.61:1
