time:0 0.88 0.49
[1 1 0 0 0 0 0 0 0 0 0 0 1 1 1 1 0 0 0 0 1 0 0 0 0 0 1 0 1 1 1 1 1 1 0 0 0
 0 0 0 1 1 1 0 0 0 0 0 0 0 1 1 0 1 1 0 1 0 0 0 0 0 1 0 1 0 0 0 0 0 0 1 0 0
 0 0 0 0 1 0 1 0 0 1 1 0 1 0 1 1 0 1 0 1 0 1 1 1 0 1]
time:1 0.82 0.47
[0 1 1 1 1 1 0 1 1 0 0 0 0 1 0 0 0 1 0 1 1 0 0 0 0 0 0 1 0 0 1 1 0 1 1 0 0
 1 1 1 1 0 0 1 1 1 0 1 1 1 1 1 1 1 1 1 1 1 1 1 1 0 1 0 1 1 1 0 1 0 1 1 1 1
 1 1 1 0 0 1 1 1 1 1 0 0 1 0 0 0 0 1 0 0 0 0 0 0 0 0]
time:2 0.8 0.53
[0 0 0 1 0 0 0 0 0 0 0 0 1 1 0 0 1 1 1 1 1 1 0 0 0 0 0 1 1 0 1 1 1 1 1 0 0
 1 0 1 0 1 0 0 0 0 0 0 0 0 1 1 1 0 1 0 1 1 0 0 0 1 1 1 0 1 1 0 0 0 0 0 0 1
 1 0 1 1 1 1 1 1 1 1 1 1 1 1 0 0 1 1 0 0 1 1 1 0 0 1]
time:3 0.95 0.49
[1 1 1 0 0 1 0 0 1 0 0 0 0 0 0 0 0 1 0 0 0 0 1 1 1 0 0 1 1 0 0 1 0 1 0 0 1
 0 0 1 1 1 0 0 0 0 0 1 1 0 1 0 0 1 1 1 1 0 1 0 1 1 1 1 0 0 0 0 0 0 0 1 1 0
 0 0 0 0 1 1 1 1 1 0 1 0 0 1 0 0 0 1 0 0 0 1 0 1 0 1]
time:4 0.95 0.49
[1 1 0 1 0 1 1 0 0 0 0 1 1 1 0 0 0 1 1 0 0 0 1 0 0 0 0 1 1 1 1 1 1 0 1 0 0
 0 0 1 1 1 0 0 1 0 0 0 0 0 0 0 1 1 1 1 0 0 0 0 0 0 0 0 1 1 1 0 0 0 0 0 1 0
 0 0 0 1 0 0 0 1 1 1 0 0 0 0 0 0 0 0 0 1 1 0 0 0 0 0]
time:5 0.92 0.42
[0 0 1 1 1 0 1 1 0 1 0 0 0 1 1 1 1 1 1 1 1 1 1 0 1 1 1 0 1 1 1 1 0 0 1 0 0
 1 1 1 1 1 1 1 1 0 1 0 0 0 1 1 1 1 1 1 1 1 0 0 1 1 1 1 1 1 1 1 0 0 1 1 1 0
 1 0 0 1 0 1 1 0 0 1 1 0 0 1 0 0 0 1 0 0 0 1 0 0 0 0]
time:6 0.9 0.5
[1 1 1 1 1 1 1 0 0 0 0 0 0 0 1 0 0 1 0 0 1 0 1 0 0 0 1 0 1 0 1 1 1 0 1 0 0
 1 1 1 1 1 1 1 0 0 1 1 1 1 1 0 0 0 0 1 0 0 1 1 0 1 1 1 1 1 0 0 0 1 1 1 1 0
 1 0 0 1 0 0 1 1 0 1 1 1 0 0 0 0 0 0 1 1 0 0 0 0 1 0]
time:7 0.77 0.45
[0 0 1 1 1 1 1 0 0 1 0 0 1 0 0 1 1 1 1 0 0 0 0 0 0 1 1 1 1 0 1 1 1 0 1 0 0
 0 1 1 1 0 0 0 0 0 0 0 1 0 1 0 0 0 1 1 1 0 0 0 0 1 1 0 0 0 1 0 0 0 0 0 0 0
 0 0 1 1 1 1 1 0 0 0 0 1 1 1 1 1 1 1 0 0 0 1 1 1 1 0]
time:8 0.88 0.41
[0 1 0 1 1 1 0 1 1 0 1 1 0 0 1 1 1 0 1 0 1 0 0 0 1 1 1 1 1 0 1 1 1 1 1 0 0
 1 1 0 0 0 0 0 1 0 0 0 0 1 0 0 0 1 0 1 1 0 0 0 1 1 1 1 1 1 0 0 0 0 0 0 0 0
 1 1 1 1 1 1 1 1 0 0 1 1 1 0 0 1 0 1 0 0 0 0 0 1 1 1]
time:9 0.85 0.53
[1 1 0 0 1 1 1 0 1 0 0 0 1 1 0 0 0 0 0 0 1 0 0 0 0 0 0 0 1 1 1 1 1 0 1 0 0
 0 0 0 0 0 0 0 0 0 0 0 0 1 1 0 1 1 0 0 1 0 0 0 1 0 0 1 1 0 0 1 0 0 0 0 0 1
 1 1 1 1 0 0 1 1 1 0 0 0 1 0 0 0 0 0 0 0 0 0 1 0 0 0]
time:10 0.97 0.48
[0 1 1 0 0 0 0 0 1 0 0 1 1 1 1 1 1 1 0 0 1 0 0 0 1 0 0 1 1 1 1 1 1 0 0 0 1
 1 0 1 0 0 0 1 0 0 0 0 0 1 1 1 0 0 0 1 1 0 0 1 1 1 1 0 0 1 1 0 0 0 1 1 1 1
 0 0 0 1 0 0 0 0 1 1 0 1 1 0 0 1 0 1 0 1 1 1 0 0 0 0]
time:11 0.9 0.52
[1 1 0 1 1 1 0 0 0 1 0 0 1 1 0 0 1 1 0 0 1 1 1 1 0 1 0 1 0 1 1 1 1 1 0 0 0
 1 0 1 1 0 0 0 0 1 0 0 0 0 0 0 0 0 1 1 1 0 0 1 0 1 1 1 0 0 1 0 0 1 0 0 0 0
 0 0 0 0 0 0 1 1 0 0 1 1 0 1 0 0 0 0 1 0 0 0 1 0 0 0]
time:12 0.89 0.5
[0 1 1 0 0 1 0 0 1 1 0 1 1 0 0 0 0 1 1 1 0 0 1 0 1 0 0 0 0 0 0 0 1 1 1 0 0
 1 1 1 1 1 0 0 0 0 0 1 1 1 1 0 0 0 1 1 1 0 1 1 1 1 1 1 1 1 0 0 0 0 1 0 1 0
 1 0 0 1 0 0 1 0 0 0 1 1 1 1 0 0 0 1 0 0 0 0 1 1 0 0]
time:13 0.94 0.55
[0 0 1 1 0 1 1 1 0 0 0 0 1 1 1 1 1 1 0 0 1 1 1 0 0 0 1 1 1 0 1 1 1 1 1 1 0
 0 1 1 0 0 0 1 0 0 0 0 0 0 0 0 0 1 0 1 0 0 1 1 0 0 1 1 0 0 0 0 0 0 0 0 1 1
 0 0 0 0 0 0 0 1 0 0 1 1 1 0 0 0 0 1 0 0 0 0 0 0 0 1]
time:14 0.91 0.48
[1 1 1 1 1 1 0 1 0 0 1 0 1 0 1 0 1 0 0 0 1 1 0 1 0 1 0 1 1 1 1 1 0 1 0 0 0
 1 1 1 1 1 1 1 1 0 0 1 0 0 1 1 0 1 0 0 0 0 1 0 0 0 0 1 1 1 1 1 0 0 0 0 0 0
 0 0 1 1 1 1 0 1 0 0 1 0 1 0 0 0 0 0 0 0 0 1 1 1 0 0]
time:15 0.81 0.51
[1 1 1 1 1 1 0 0 0 0 0 0 0 0 0 0 0 1 0 0 0 1 0 0 0 0 1 1 1 1 1 1 1 1 1 1 0
 0 0 1 1 1 0 0 0 0 0 1 0 1 0 1 1 1 1 1 1 1 0 1 1 0 0 1 1 1 1 1 1 0 0 0 0 1
 1 0 0 0 1 1 1 1 1 1 0 0 0 0 0 1 0 1 0 0 1 0 1 1 1 0]
time:16 0.92 0.52
[1 1 0 1 1 1 1 1 1 0 0 0 0 1 0 0 0 1 0 0 1 0 0 0 0 0 1 1 1 1 1 1 1 1 1 1 1
 0 0 0 1 1 1 0 0 0 1 1 0 0 1 0 0 1 1 1 1 1 1 1 0 1 0 1 0 0 0 0 0 0 0 0 0 0
 0 0 0 1 1 0 1 1 0 0 0 0 0 0 0 0 1 1 1 0 0 1 0 0 0 0]
time:17 0.91 0.45
[0 0 1 0 0 1 0 1 1 0 1 0 1 1 1 1 1 1 1 0 1 0 0 0 0 0 1 1 1 1 1 1 1 1 1 0 0
 1 0 0 0 0 1 1 1 1 0 0 0 0 0 0 1 1 0 0 1 0 0 0 0 0 1 0 1 1 0 0 0 0 0 1 0 0
 0 0 0 0 1 1 0 0 1 1 0 0 0 0 0 0 0 1 0 1 1 1 1 1 0 0]
time:18 0.9 0.51
[0 0 1 0 0 0 0 0 0 0 0 0 0 1 1 1 1 1 1 0 1 0 0 0 0 0 0 1 1 1 1 1 1 1 1 0 0
 0 1 1 0 0 0 0 1 0 0 1 1 0 1 0 1 1 1 1 1 1 1 1 1 0 0 0 0 0 1 1 1 1 1 1 1 1
 0 0 0 0 0 1 1 1 1 1 1 1 0 0 0 0 0 0 0 0 0 0 0 0 0 0]
time:19 0.94 0.58
[0 1 1 0 0 0 1 0 0 0 0 0 1 1 0 0 0 1 0 1 1 0 0 0 0 0 0 0 1 1 0 0 0 1 1 0 0
 1 0 0 1 1 0 0 1 0 1 1 0 1 0 1 0 0 1 1 1 0 0 0 0 0 0 1 1 1 1 1 0 0 0 1 0 0
 0 0 1 1 0 0 0 1 0 1 1 1 1 1 1 0 0 0 0 0 1 0 0 1 0 1]
time:20 0.91 0.49
[0 1 0 0 1 1 0 0 0 0 1 0 1 1 1 0 0 0 0 0 0 0 0 0 1 1 1 1 1 0 1 1 1 0 0 0 0
 0 1 1 1 0 0 0 1 1 0 1 1 1 0 0 1 1 1 0 0 0 0 1 0 0 1 1 1 1 1 0 0 0 0 0 0 0
 0 0 1 0 0 0 0 1 1 1 1 1 1 0 0 1 1 1 1 1 1 1 1 1 0 0]
time:21 0.89 0.38
[0 0 0 1 1 1 1 0 0 0 0 0 0 0 0 1 1 0 0 0 1 0 0 0 0 0 0 0 0 1 0 1 1 1 0 0 0
 0 0 0 1 1 0 1 1 0 1 1 0 1 1 1 1 1 1 0 0 0 0 0 1 1 0 1 0 0 0 0 0 0 0 0 1 0
 0 1 1 1 1 1 1 0 0 0 0 0 0 1 1 0 1 1 0 0 0 0 0 0 0 0]
time:22 0.91 0.51
[1 1 1 0 0 0 0 0 1 0 0 1 1 1 0 1 1 1 0 0 1 1 0 1 1 0 1 1 1 1 1 1 1 1 1 1 0
 1 0 1 1 1 0 1 1 0 0 1 1 1 1 1 0 1 1 1 1 0 0 0 0 0 0 0 1 1 0 0 0 0 0 1 0 1
 1 0 1 1 1 1 1 1 1 1 1 0 1 1 0 0 0 1 0 1 1 1 1 1 0 1]
time:23 0.92 0.43
[0 1 1 1 1 1 1 0 0 0 0 0 1 1 1 1 0 0 0 1 1 1 0 0 1 1 1 1 0 0 0 0 0 0 0 0 1
 1 1 1 1 0 1 0 0 1 1 1 0 0 1 0 1 0 1 1 0 0 0 0 1 1 1 1 1 1 0 0 0 0 0 0 1 1
 0 1 1 1 1 1 1 0 0 0 1 1 1 0 0 0 0 1 0 0 0 0 1 1 0 0]
time:24 0.85 0.51
[1 1 1 1 0 0 0 0 0 0 0 0 0 1 0 0 0 0 0 0 1 0 1 0 1 1 1 1 1 1 1 1 1 0 0 0 0
 0 1 0 1 1 1 1 1 0 0 0 0 1 0 0 0 1 1 0 1 1 1 0 0 0 0 1 1 0 0 0 0 0 0 1 1 1
 1 1 0 1 1 1 1 1 1 0 0 0 1 0 0 1 0 1 0 1 1 1 0 0 0 1]
time:25 0.84 0.5
[0 0 0 1 1 1 0 0 1 0 0 1 1 0 0 0 0 0 0 0 0 0 1 1 0 0 0 0 0 0 1 1 1 1 1 0 0
 1 0 0 0 0 0 1 1 0 0 1 1 1 0 0 0 1 0 1 1 1 0 1 1 1 1 1 1 0 0 0 1 1 1 1 1 1
 0 0 0 0 0 0 1 1 0 0 0 0 1 1 0 0 0 1 0 0 0 1 1 1 1 1]
time:26 0.97 0.52
[1 1 1 1 1 1 1 0 1 0 0 1 0 1 1 0 1 1 1 0 1 1 1 0 1 1 0 1 0 1 1 1 1 1 0 1 0
 1 1 1 0 1 0 0 1 0 1 1 1 1 1 0 0 1 1 1 1 0 0 0 1 1 1 1 0 0 0 1 1 1 1 0 0 0
 1 1 1 1 1 0 1 1 1 0 1 1 1 1 1 0 0 0 0 1 1 1 0 0 0 1]
time:27 0.88 0.53
[1 0 1 1 1 1 1 0 1 0 0 1 0 1 0 0 0 0 0 0 1 0 0 1 1 0 0 1 1 1 1 1 1 0 1 0 0
 0 1 1 0 1 0 1 1 1 1 0 1 1 1 0 0 1 1 1 1 0 1 0 0 0 0 0 0 1 1 0 0 0 0 0 1 0
 0 1 1 1 1 1 1 0 0 0 0 1 1 0 0 0 0 1 1 0 0 1 1 0 0 1]
time:28 0.88 0.48
[0 1 0 0 0 0 0 0 0 1 1 1 1 1 1 0 0 1 0 0 0 1 1 0 0 0 0 1 1 0 1 1 1 1 1 0 0
 1 0 1 1 1 0 1 1 1 0 0 0 1 0 0 0 0 1 1 0 0 0 1 1 1 1 1 1 0 0 0 1 0 0 1 1 0
 0 0 1 1 1 0 1 1 0 1 1 1 0 0 0 1 0 0 0 1 0 0 1 0 0 0]
time:29 0.91 0.54
[0 0 1 0 0 0 0 0 0 0 0 0 1 0 1 0 1 0 0 1 1 0 0 0 0 0 1 1 1 1 0 1 1 1 1 1 0
 0 1 1 0 1 0 0 1 1 0 0 0 0 0 0 0 1 1 1 1 0 0 1 0 0 1 0 0 0 1 1 1 1 0 0 1 1
 1 1 1 1 1 1 1 1 1 1 0 1 1 0 0 0 0 0 0 0 0 0 1 0 0 0]
time:30 0.9 0.53
[0 1 1 1 1 1 1 0 1 0 0 1 1 1 1 1 1 1 0 0 1 0 1 0 0 0 0 1 1 0 0 1 1 1 0 0 0
 1 0 0 1 1 1 1 1 0 0 0 0 0 0 0 0 0 1 1 1 1 0 1 1 0 1 0 1 1 0 0 0 0 0 0 1 0
 0 0 0 1 1 1 1 1 0 0 0 1 1 1 0 0 0 1 0 0 0 0 1 1 0 0]
time:31 0.83 0.39
[0 0 0 1 1 1 1 1 0 0 0 0 0 1 1 1 1 1 0 0 0 0 0 0 1 1 1 1 1 0 1 1 1 1 1 0 1
 1 1 1 1 1 1 0 1 0 0 1 1 0 0 1 1 0 0 1 1 0 0 0 0 1 1 0 0 1 1 0 0 0 1 1 1 1
 0 0 1 0 1 1 0 1 0 0 1 0 1 0 0 0 0 1 1 0 0 0 0 0 0 0]
time:32 0.87 0.43
[1 0 0 0 0 0 0 0 0 1 0 0 1 1 0 1 1 1 0 1 1 0 0 0 0 0 0 0 1 1 1 1 1 1 1 0 0
 1 0 1 0 0 1 1 1 0 0 1 0 1 0 0 0 1 1 0 1 0 0 0 0 0 1 1 1 1 0 0 0 0 1 1 1 0
 1 1 1 1 1 1 1 1 0 0 1 1 1 1 0 0 1 0 1 0 0 1 0 1 0 1]
time:33 0.8 0.51
[0 0 0 0 0 1 0 0 0 0 1 0 0 1 0 0 0 1 0 1 1 0 0 0 0 1 0 1 0 0 0 1 1 1 1 0 0
 0 0 0 0 0 0 0 1 0 0 1 0 1 1 0 1 0 1 1 1 0 0 0 0 0 0 1 1 1 1 0 0 0 0 0 0 0
 0 0 0 1 1 1 1 1 0 0 0 1 1 1 1 1 1 0 0 1 0 1 0 0 0 1]
time:34 0.95 0.53
[0 1 0 1 1 1 0 0 1 0 0 1 1 0 0 1 0 1 1 1 1 1 0 0 1 0 0 1 1 0 1 1 1 1 1 1 1
 1 1 0 1 1 0 0 1 0 0 1 0 0 1 0 1 1 1 1 1 1 0 0 0 0 0 0 1 1 0 0 0 0 0 1 1 1
 1 1 0 1 0 0 0 1 1 1 0 1 0 1 0 0 1 0 0 1 1 1 0 0 0 1]
time:35 0.81 0.51
[0 0 1 1 1 1 1 1 0 0 0 0 0 0 0 0 0 0 1 0 1 0 1 1 0 0 0 0 1 1 1 1 1 0 0 1 0
 0 1 1 0 0 0 1 1 1 0 0 0 0 1 1 1 1 1 1 0 0 1 0 0 0 0 0 0 1 1 1 1 0 0 0 0 0
 1 1 1 0 0 1 1 0 0 0 0 0 1 0 0 0 0 0 0 0 0 0 0 0 0 0]
time:36 0.93 0.54
[0 0 0 0 0 0 1 0 0 0 0 1 1 1 1 1 0 1 0 0 1 0 0 0 0 0 0 0 1 1 0 1 1 1 0 1 0
 0 0 1 0 0 0 0 1 0 0 0 0 0 1 0 1 0 1 0 0 0 0 1 1 0 1 1 0 0 0 0 0 0 0 0 1 0
 1 1 1 1 0 1 1 1 0 1 1 0 1 0 0 0 0 0 0 0 1 1 1 0 0 0]
time:37 0.82 0.5
[0 0 1 1 1 1 0 0 0 0 0 1 1 0 0 0 1 1 0 0 0 0 1 1 1 1 0 0 1 1 1 1 1 1 0 0 0
 1 0 0 0 0 0 1 0 0 0 1 1 0 1 0 0 1 1 1 1 1 1 0 0 1 1 0 1 1 1 1 1 0 0 1 0 1
 1 0 1 1 0 1 1 0 0 0 1 1 1 1 0 0 0 0 0 1 0 0 1 0 0 0]
time:38 0.93 0.48
[1 1 1 1 1 1 0 0 1 1 0 1 1 1 1 0 0 0 0 1 1 0 0 1 1 1 0 0 0 0 1 1 1 1 1 0 0
 1 1 0 0 0 0 0 1 0 0 0 1 0 0 0 1 0 1 1 0 0 1 1 1 1 0 1 0 1 0 0 0 0 1 1 1 1
 1 0 0 0 0 0 0 0 0 0 0 1 1 0 0 0 0 0 0 0 0 1 1 1 0 0]
time:39 0.91 0.44
[0 1 1 0 1 1 1 0 0 0 0 0 1 1 1 1 1 1 1 0 0 0 1 0 1 1 0 1 1 1 1 1 1 1 0 0 0
 1 1 1 1 0 0 0 0 0 1 1 0 0 0 0 0 0 0 1 0 0 0 1 1 1 0 0 1 0 0 0 0 0 0 1 1 0
 0 0 0 1 1 1 1 0 0 1 0 1 1 1 0 0 0 1 0 0 0 1 1 1 1 1]
time:40 0.87 0.42
[0 1 1 1 1 1 0 0 0 0 1 0 0 0 0 0 1 0 1 0 0 0 0 0 0 0 0 0 0 1 1 1 1 0 1 0 0
 1 0 1 1 1 0 0 0 0 0 1 1 0 1 1 1 1 1 1 1 0 0 0 0 0 1 1 1 1 0 0 0 0 0 0 1 1
 0 1 1 1 0 0 1 1 1 1 1 1 1 0 0 0 0 0 0 0 0 0 0 0 1 0]
time:41 0.85 0.49
[1 1 1 1 0 1 0 0 0 1 0 0 0 0 1 0 1 1 1 0 1 0 1 1 0 0 1 1 1 1 1 1 1 1 1 0 1
 1 1 1 1 0 1 0 1 0 1 0 1 0 1 0 1 1 1 1 1 1 1 1 1 1 1 0 1 0 1 1 0 1 1 0 1 0
 1 0 0 0 1 1 0 0 0 0 1 1 1 1 0 0 1 1 0 0 0 1 0 0 0 1]
time:42 0.84 0.5
[0 1 1 1 1 1 1 1 1 0 0 0 1 0 0 0 0 0 0 0 1 1 1 0 0 0 0 1 1 1 1 1 1 1 1 0 0
 1 0 1 1 1 1 1 1 1 0 0 1 1 1 0 1 1 1 1 1 0 0 0 0 1 1 0 1 1 1 0 0 0 0 1 0 1
 0 1 1 1 1 1 1 1 1 1 1 0 0 0 0 1 0 0 1 1 1 1 1 0 0 0]
time:43 0.76 0.47
[1 1 1 1 1 1 0 0 1 0 1 1 1 1 0 1 1 1 1 1 1 0 0 0 1 0 0 1 1 1 1 1 1 1 1 0 0
 1 0 1 1 1 1 0 1 1 1 1 0 0 1 0 0 0 1 1 1 0 0 0 0 0 0 1 1 0 0 0 0 0 0 0 0 0
 1 1 1 1 0 1 1 1 1 1 1 1 1 0 0 0 1 0 0 0 1 1 0 1 1 0]
time:44 0.9 0.49
[0 0 1 0 0 0 0 0 1 1 0 1 1 1 1 0 0 0 0 0 1 0 0 0 1 1 1 1 1 1 1 1 1 1 1 1 1
 0 0 0 1 1 0 1 1 0 0 0 1 1 1 0 1 1 1 0 1 1 1 0 1 1 0 0 0 1 0 0 0 1 1 1 1 1
 1 1 0 1 1 1 1 1 0 1 1 0 1 0 0 0 0 0 0 0 0 1 0 1 0 0]
time:45 0.96 0.49
[0 1 1 1 1 1 0 0 0 0 1 1 1 1 0 1 0 1 1 1 1 1 0 0 0 1 1 1 1 1 1 1 1 1 1 0 0
 0 1 1 1 1 0 0 1 1 1 0 0 0 1 0 0 0 1 0 0 0 1 1 1 0 1 0 0 0 1 0 1 1 0 0 1 1
 0 0 0 1 1 1 0 0 1 0 0 0 0 1 0 0 1 1 1 1 0 0 0 0 0 0]
time:46 0.9 0.51
[0 0 0 0 0 0 0 0 0 0 0 0 0 0 0 1 1 1 0 1 0 0 0 0 0 0 0 0 0 0 1 1 1 1 1 1 0
 1 0 1 0 0 0 0 1 1 1 1 0 0 0 0 0 1 0 0 1 1 1 1 1 1 1 1 1 1 0 0 0 0 1 0 1 1
 1 0 0 0 0 0 0 0 0 1 1 1 0 1 0 1 0 0 0 0 1 1 0 0 0 0]
time:47 0.84 0.51
[0 1 1 0 0 1 1 0 1 1 0 1 1 1 1 0 1 0 0 0 1 0 0 0 1 1 0 0 1 0 1 1 1 1 1 0 0
 0 1 1 1 1 0 0 1 0 0 0 0 0 1 0 0 1 1 0 0 0 0 0 0 0 1 1 1 0 1 0 0 0 0 0 0 0
 1 0 0 1 1 1 1 1 0 0 0 0 0 1 0 1 1 1 0 0 0 0 1 0 1 0]
time:48 0.88 0.44
[0 0 0 0 1 1 1 0 0 0 0 0 1 1 0 1 1 1 1 1 1 0 0 0 0 1 1 1 1 1 1 1 1 1 1 0 0
 0 1 1 0 0 0 0 1 0 0 1 1 1 1 1 1 1 0 1 1 0 1 1 1 1 1 0 0 0 0 0 0 0 0 1 1 1
 0 0 1 1 1 0 0 1 1 1 0 0 1 1 0 1 0 0 0 1 1 1 0 0 0 0]
time:49 0.91 0.45
[1 1 1 0 0 0 0 0 1 0 0 1 1 1 0 1 1 1 1 1 1 0 1 0 0 0 1 1 1 0 1 1 1 1 0 0 0
 0 0 1 1 1 0 1 1 0 0 1 0 0 1 0 1 1 1 1 1 0 0 1 1 1 0 1 1 1 1 0 0 0 0 1 0 0
 0 0 0 0 0 0 1 1 1 0 0 0 0 0 0 1 1 1 0 1 1 1 1 1 1 1]
0.37:1
0.38:1
0.4:1
0.41:2
0.43:4
0.44:3
0.46:2
0.47:4
0.49:7
0.5:13
0.51:3
0.52:5
0.54:2
0.55:1
0.57:1
[49, 46, 52, 49, 49, 41, 50, 44, 40, 52, 47, 51, 50, 55, 47, 50, 51, 44, 50, 57, 49, 37, 50, 43, 50, 50, 51, 52, 47, 54, 52, 38, 43, 50, 52, 50, 54, 50, 47, 43, 41, 49, 50, 46, 49, 49, 50, 50, 43, 44]
48.14 18.2004
