time:0 0.83 0.55
[0 0 0 1 1 1 1 0 0 0 0 0 1 1 1 1 1 1 0 0 0 0 0 0 0 1 1 1 0 1 0 1 1 1 1 1 1
 0 1 0 1 1 0 0 1 1 1 1 0 0 1 1 1 1 0 0 0 0 1 1 1 0 0 1 0 1 1 1 1 1 1 1 0 0
 1 1 1 1 1 1 0 1 0 0 1 1 1 0 0 0 0 1 1 1 0 1 0 0 0 0]
time:1 0.99 0.52
[1 1 0 0 1 1 0 0 0 0 0 1 0 0 1 1 0 0 0 0 0 1 1 0 0 0 0 0 1 1 1 1 0 0 0 0 0
 1 1 1 1 1 0 1 0 1 0 1 1 0 0 1 0 1 0 0 0 1 1 0 0 1 1 0 0 1 1 1 0 0 0 0 1 1
 1 1 1 1 0 0 1 0 0 0 1 0 1 1 0 1 0 0 0 1 0 0 0 1 1 0]
time:2 0.99 0.43
[0 0 1 0 0 1 1 0 0 1 0 0 1 0 1 1 0 1 1 1 1 1 1 1 0 0 0 1 1 1 0 1 1 1 0 0 0
 0 1 1 0 0 1 1 1 1 1 0 1 1 0 1 1 1 1 1 1 0 0 0 0 1 0 1 1 1 1 1 0 0 0 1 1 1
 1 1 1 1 1 1 1 0 0 0 1 0 1 1 1 0 1 1 1 0 0 0 0 0 0 0]
time:3 0.95 0.52
[1 0 0 1 1 1 1 0 0 0 0 0 0 1 1 1 0 1 1 1 1 1 0 0 1 1 1 0 1 1 0 0 0 1 1 1 0
 0 0 0 1 1 1 1 1 0 0 0 0 1 0 0 0 0 0 0 0 0 0 0 0 1 1 0 0 0 1 1 1 0 1 1 1 1
 0 0 1 0 1 1 1 1 1 1 1 1 1 0 0 0 1 0 1 0 0 1 0 1 0 1]
time:4 0.91 0.51
[0 0 1 1 1 1 0 0 1 0 0 0 0 1 0 0 1 1 1 0 1 1 1 1 0 0 0 0 1 1 0 1 1 1 1 0 1
 1 1 1 1 0 1 0 1 1 1 0 0 0 0 1 1 1 0 0 0 1 1 1 1 1 1 1 1 1 1 1 1 1 0 1 0 0
 0 1 1 1 0 1 1 0 0 1 1 0 0 1 1 1 0 0 0 1 0 0 1 0 1 0]
time:5 0.91 0.51
[1 1 0 1 1 1 1 0 0 0 0 0 0 0 1 0 0 1 0 0 0 0 0 0 0 0 1 1 0 0 1 1 1 1 0 1 1
 0 1 1 1 1 1 1 1 1 1 1 0 0 1 0 0 1 1 1 1 1 1 1 1 1 1 0 1 1 1 1 0 1 1 1 1 1
 1 1 1 1 1 1 0 1 1 1 0 0 1 0 0 0 0 0 0 1 1 0 1 1 0 0]
time:6 1.0 0.47
[1 1 1 0 1 1 0 1 1 0 0 1 1 0 0 1 0 1 1 1 0 0 0 0 0 0 1 1 1 1 1 0 1 1 1 1 0
 1 1 1 1 0 1 0 1 1 0 0 0 0 1 0 0 1 1 1 1 1 0 1 1 0 1 1 1 1 0 0 0 1 1 0 1 1
 0 1 1 0 0 0 0 1 1 1 0 1 1 1 0 0 0 1 1 1 1 1 0 0 0 0]
time:7 0.88 0.55
[1 0 1 1 0 0 0 0 1 0 1 0 1 0 0 0 0 1 1 1 0 1 1 1 0 0 0 1 1 1 1 1 1 1 0 0 0
 0 0 0 0 1 0 1 1 1 0 1 1 0 0 0 1 1 0 1 1 1 0 1 1 0 0 0 1 0 0 1 1 1 1 1 1 1
 1 0 0 0 0 1 0 1 1 0 1 1 1 0 1 1 0 0 0 1 1 0 0 0 0 1]
time:8 0.96 0.45
[1 1 1 1 1 1 0 0 1 1 0 0 1 0 0 1 1 1 1 1 1 0 0 0 0 0 0 1 1 1 1 1 1 1 1 0 0
 1 1 1 1 1 1 1 1 1 1 0 0 0 0 0 1 0 0 0 0 1 1 1 1 1 1 1 1 0 0 0 0 0 0 0 0 1
 0 0 0 0 1 0 1 0 1 1 0 0 0 0 0 0 0 1 1 1 1 0 0 0 0 1]
time:9 0.91 0.5
[1 1 1 1 0 0 0 0 0 0 0 0 0 0 0 0 0 0 1 1 1 1 1 1 0 0 0 1 0 1 1 1 0 1 1 1 1
 1 0 1 1 1 1 1 1 0 1 0 0 0 1 1 0 1 1 1 0 1 1 0 1 0 0 1 0 1 1 1 1 1 1 1 1 1
 0 1 1 1 0 0 1 1 1 1 1 1 1 0 1 0 1 1 0 1 0 0 0 0 0 1]
time:10 0.98 0.49
[0 1 0 1 1 1 0 0 0 0 0 1 0 0 0 0 1 1 1 1 1 1 1 1 1 0 0 1 0 0 1 0 1 0 0 0 0
 1 1 1 1 1 1 1 1 1 1 1 1 1 1 1 0 0 1 1 1 1 1 0 1 1 1 1 1 1 1 1 1 1 0 0 1 1
 1 1 1 1 1 1 1 0 0 0 0 1 0 0 0 0 0 1 1 1 1 1 0 0 0 0]
time:11 0.98 0.47
[0 0 0 1 1 0 0 0 1 1 0 1 1 0 0 0 1 1 1 0 0 0 0 1 1 1 1 1 1 1 1 1 1 1 0 1 1
 0 0 1 1 1 1 0 1 0 0 0 1 1 0 0 1 1 1 1 1 0 0 0 0 0 0 1 1 1 1 0 1 1 0 0 0 1
 0 0 1 0 0 0 0 1 1 1 1 1 1 1 0 0 1 1 1 1 1 1 0 1 0 0]
time:12 0.96 0.41
[1 0 1 1 1 1 1 1 0 0 0 1 1 0 0 1 1 1 1 1 0 1 0 0 0 0 1 1 0 1 1 1 1 1 1 0 0
 1 1 1 1 1 1 1 1 0 1 0 0 0 1 1 0 0 1 1 1 1 1 1 1 1 0 0 0 1 1 1 0 0 1 1 0 1
 0 1 0 0 1 1 1 0 0 0 0 1 0 1 0 0 0 1 1 0 1 1 0 0 0 0]
time:13 0.96 0.45
[1 1 1 0 0 0 1 1 0 0 1 0 1 1 1 1 1 1 1 0 0 0 0 0 0 0 1 1 1 1 1 1 1 1 0 0 1
 1 1 0 1 0 0 0 0 1 1 1 0 0 1 0 0 1 0 0 0 0 0 0 0 1 1 0 0 0 1 1 1 0 0 0 1 0
 1 1 1 1 1 1 0 0 1 1 0 0 1 1 0 0 0 0 1 1 0 0 0 0 0 0]
time:14 0.91 0.47
[1 1 1 1 0 0 0 0 0 1 1 0 1 0 1 1 1 1 1 0 0 0 0 0 1 0 1 1 1 1 1 1 1 1 0 1 1
 0 1 1 0 1 1 1 1 0 1 1 1 1 1 0 0 0 1 0 1 1 1 0 1 0 1 0 1 0 1 0 0 0 1 0 0 1
 1 1 1 1 0 0 0 0 1 0 1 1 0 0 0 0 0 0 1 1 0 0 1 0 0 0]
time:15 0.92 0.55
[1 1 1 1 0 1 1 0 0 0 0 1 1 1 1 1 1 1 1 1 1 1 1 1 0 0 0 0 0 1 1 1 1 1 1 1 0
 1 1 1 1 1 1 0 1 1 1 1 1 1 1 1 1 1 1 1 1 1 1 0 0 1 1 1 0 1 1 1 0 0 0 0 1 1
 1 0 1 1 0 1 0 0 0 0 1 1 1 1 0 0 1 1 1 0 1 1 1 1 0 0]
time:16 0.91 0.44
[0 1 1 1 1 0 0 0 0 0 0 0 1 1 1 1 1 1 0 0 0 1 0 0 0 1 1 0 1 1 1 1 1 0 1 0 0
 1 0 1 1 0 1 0 0 1 1 0 1 1 1 0 0 1 1 1 1 1 0 1 1 1 1 1 1 1 0 1 1 0 0 0 1 0
 1 0 1 1 0 0 1 1 1 0 1 1 1 0 0 1 0 0 0 0 0 0 0 0 0 0]
time:17 0.89 0.57
[0 1 1 1 1 1 1 0 0 0 0 1 1 0 0 0 0 1 1 1 1 1 0 0 0 0 0 1 1 1 1 1 1 1 1 1 0
 1 1 1 1 1 0 0 1 1 0 0 0 0 1 0 0 1 1 1 1 1 1 1 1 0 0 0 1 1 0 0 0 0 0 0 0 1
 1 1 0 0 0 1 1 1 1 1 1 0 0 0 0 0 0 1 1 0 0 1 1 0 0 1]
time:18 0.93 0.62
[1 1 1 1 0 1 0 0 0 0 0 1 1 1 1 1 0 1 1 1 1 1 1 1 0 0 0 1 0 0 0 0 0 0 1 1 1
 1 0 0 1 1 1 1 1 0 0 0 0 1 1 0 1 0 0 1 1 0 0 0 0 0 0 0 1 1 1 0 1 1 1 0 0 1
 1 1 1 1 0 0 0 1 0 1 1 0 0 1 1 0 0 1 0 1 1 1 0 0 1 0]
time:19 0.96 0.52
[0 0 0 0 0 0 0 0 1 1 0 0 0 0 1 1 0 0 1 0 0 1 0 0 1 1 1 1 1 0 0 0 0 0 0 1 0
 0 0 0 0 1 0 0 0 0 0 1 1 1 1 1 0 1 1 1 1 0 0 0 1 1 1 1 0 0 0 1 0 0 0 1 1 1
 0 1 0 1 0 1 1 1 0 1 0 0 1 1 1 1 1 1 1 0 1 0 1 0 0 0]
time:20 0.94 0.47
[1 0 0 0 0 1 0 0 0 0 0 1 1 0 1 1 1 1 1 1 1 1 1 0 0 1 1 0 0 1 0 0 1 0 1 1 1
 1 1 1 1 1 1 1 1 1 1 1 1 1 1 1 1 1 0 1 1 1 1 1 1 1 1 0 1 1 1 1 0 0 1 0 0 1
 1 0 0 0 0 1 0 1 1 1 1 0 1 0 0 0 0 1 1 1 1 0 0 0 0 0]
time:21 0.91 0.47
[1 1 1 1 1 0 0 0 0 0 1 0 0 0 1 1 0 1 1 1 1 1 0 0 0 1 0 1 1 1 1 1 1 1 1 1 1
 1 1 1 1 1 1 1 1 1 0 1 1 1 1 0 1 0 1 1 1 1 1 1 1 0 0 1 1 1 1 1 0 1 1 1 1 1
 1 1 0 0 0 1 1 1 0 1 1 0 1 0 0 1 1 1 0 0 0 0 0 0 0 0]
time:22 0.7 0.59
[1 1 1 1 0 0 0 0 0 0 0 0 0 1 1 1 1 1 1 0 1 0 0 0 0 0 0 1 1 1 1 1 1 1 1 1 0
 1 1 0 0 0 1 1 1 0 1 0 0 0 1 0 0 0 1 1 1 1 0 1 1 0 0 1 0 1 1 1 1 1 0 0 1 0
 0 1 0 1 0 0 1 1 1 1 1 1 0 1 0 0 0 0 1 1 0 1 1 1 0 0]
time:23 1.0 0.46
[1 1 1 1 0 0 0 0 0 0 1 1 1 0 0 0 1 0 1 0 1 0 0 0 0 0 0 1 0 0 1 1 1 1 0 0 0
 0 1 1 1 1 1 1 1 1 1 1 1 1 1 1 1 1 1 1 1 1 1 1 1 1 1 1 0 1 1 1 0 0 0 1 1 1
 1 1 0 1 0 1 1 0 1 1 1 1 1 0 0 1 1 1 1 1 1 1 1 1 1 0]
time:24 0.96 0.51
[1 1 1 1 0 1 0 0 0 1 0 1 1 1 1 0 0 1 1 0 0 0 0 0 0 0 0 1 0 1 0 0 0 1 1 1 1
 1 1 1 1 1 0 1 1 1 1 0 1 0 1 0 0 1 1 0 0 1 0 0 0 1 0 1 1 0 1 1 0 0 0 0 0 1
 1 1 1 1 1 1 1 1 1 1 1 0 0 0 1 0 0 1 1 0 0 0 0 1 1 0]
time:25 0.98 0.56
[0 1 1 1 1 1 0 0 0 0 0 1 0 1 0 1 0 1 1 1 1 1 0 0 0 1 1 1 1 1 0 0 1 1 1 0 1
 1 1 1 1 1 1 0 1 1 1 1 0 0 1 0 1 1 1 1 1 1 1 0 1 1 0 1 1 0 1 1 1 1 1 0 1 0
 1 0 0 1 0 1 0 1 1 1 1 1 0 1 0 0 0 1 0 0 1 1 1 1 0 1]
time:26 0.95 0.48
[1 0 0 1 1 1 0 0 0 0 0 1 0 0 1 1 1 1 0 0 0 1 0 0 0 1 0 0 1 1 0 1 1 0 1 0 0
 0 0 1 1 1 1 0 1 1 1 1 0 0 1 0 1 1 1 1 1 1 1 0 0 1 1 1 1 1 1 0 1 0 0 0 1 1
 1 1 1 1 1 1 1 0 0 0 0 0 0 1 1 0 1 1 1 1 0 0 1 0 0 0]
time:27 0.89 0.54
[0 1 0 1 1 1 1 0 0 0 0 0 1 1 1 0 0 1 1 1 1 1 1 0 0 0 1 0 0 0 0 0 1 1 0 0 0
 0 0 1 1 1 1 1 1 1 1 1 0 0 0 1 1 1 1 1 0 0 0 1 0 1 0 1 1 1 1 1 1 1 1 1 1 0
 1 1 0 1 0 1 0 0 0 1 0 1 1 0 0 0 0 0 1 0 0 1 0 1 1 1]
time:28 0.94 0.49
[1 0 0 0 0 0 0 0 0 0 1 0 1 1 1 1 0 1 1 1 0 1 0 0 0 0 0 0 1 1 1 1 1 0 1 0 1
 0 0 1 1 1 1 0 0 1 1 0 0 1 1 0 1 0 1 1 1 1 1 0 1 0 0 1 1 1 1 1 1 0 0 0 0 1
 1 1 0 0 0 0 1 1 1 1 1 0 0 0 0 0 1 0 0 1 0 1 1 0 0 0]
time:29 0.94 0.5
[1 1 1 1 1 1 1 0 0 0 0 0 1 0 1 1 1 1 0 0 0 0 1 1 0 0 1 0 1 1 1 0 1 1 1 1 0
 0 0 0 1 0 1 1 1 0 1 1 0 1 1 1 1 0 1 1 1 0 1 0 1 1 1 0 1 1 1 0 0 0 0 1 1 1
 1 1 1 0 1 0 0 1 1 0 1 1 1 1 0 0 1 1 1 0 0 1 0 0 0 0]
time:30 0.97 0.41
[1 1 1 0 0 0 0 0 0 0 1 1 1 1 1 1 1 1 1 1 1 1 1 0 0 0 1 1 1 1 1 1 1 1 1 0 0
 0 1 1 1 1 1 1 0 1 1 1 1 1 0 1 1 0 0 1 1 1 1 1 1 1 1 0 1 1 0 0 0 0 0 1 1 0
 1 1 0 1 1 1 1 0 0 0 0 0 1 1 1 1 0 0 1 1 1 0 0 0 0 1]
time:31 0.96 0.53
[0 1 1 0 0 1 0 0 0 0 0 0 1 1 1 1 1 1 1 1 1 1 0 0 1 0 0 1 1 0 1 1 1 1 1 1 1
 0 1 0 0 1 1 0 1 1 1 1 1 1 1 1 1 1 1 1 1 1 1 0 0 1 1 0 1 1 1 1 0 0 0 0 1 0
 1 1 1 1 1 0 1 0 1 1 1 1 1 1 0 0 0 1 1 1 0 0 0 0 0 1]
time:32 0.95 0.47
[1 1 1 1 0 0 0 0 1 0 0 0 1 0 0 1 1 1 0 1 0 0 0 0 0 1 0 0 0 1 1 1 1 1 1 1 0
 1 1 1 1 1 1 0 1 1 1 1 0 1 0 0 0 1 0 0 0 0 1 1 1 1 1 1 1 0 1 1 0 0 0 1 1 1
 0 0 0 0 0 0 1 1 1 1 0 1 1 1 1 1 0 1 0 1 1 0 0 0 0 0]
time:33 0.87 0.51
[0 0 0 1 1 1 0 0 0 0 0 0 1 1 1 1 1 1 1 1 1 1 0 0 0 0 0 0 1 0 0 0 1 1 1 1 1
 0 1 1 1 1 0 1 0 0 0 1 0 1 0 1 0 1 1 1 1 0 0 0 1 0 1 1 1 1 1 0 0 0 1 1 1 1
 1 1 0 1 0 1 1 1 0 1 1 1 1 1 0 0 0 1 1 1 0 1 0 0 0 0]
time:34 0.96 0.56
[1 1 0 0 0 0 0 0 0 0 0 0 0 1 1 0 0 1 1 1 0 0 0 0 0 0 0 1 1 0 1 1 0 1 0 1 1
 0 1 1 0 1 0 1 0 1 0 1 0 0 1 1 0 1 0 0 1 1 1 1 1 0 1 1 1 0 1 1 0 1 1 1 0 0
 0 1 1 1 1 0 0 1 1 1 1 1 1 1 1 0 1 1 1 1 0 0 1 0 0 0]
time:35 0.91 0.48
[1 1 0 1 1 1 0 0 0 0 0 1 1 1 0 1 1 1 1 1 1 1 0 0 0 0 1 1 1 0 0 0 1 1 1 1 1
 0 1 0 0 1 0 0 1 0 1 1 1 0 1 1 0 0 1 0 0 0 0 1 1 1 1 1 1 1 1 0 1 1 0 0 0 0
 1 0 0 0 1 1 1 1 1 0 0 0 1 1 1 1 1 1 1 1 0 1 0 0 0 0]
time:36 0.93 0.54
[1 1 0 1 0 0 0 0 1 1 1 0 1 0 0 0 0 1 1 1 1 1 0 1 0 0 0 1 0 0 1 1 1 1 1 1 0
 0 0 1 0 1 1 1 0 1 1 0 0 1 1 0 0 0 0 0 1 0 0 0 0 0 1 1 0 0 1 0 1 1 1 1 1 0
 0 1 0 1 1 1 1 1 1 1 1 1 1 1 0 0 0 1 0 0 0 1 0 1 1 0]
time:37 0.96 0.54
[1 1 0 1 1 1 0 0 0 1 0 0 1 1 1 1 1 1 1 0 1 1 1 1 0 0 0 1 1 0 1 1 1 0 0 0 1
 0 1 0 1 1 0 1 1 0 0 0 0 1 1 0 1 1 1 1 1 1 1 0 1 1 1 1 0 1 1 1 1 1 0 0 1 0
 0 1 0 1 1 1 1 0 0 1 1 0 0 0 0 0 0 0 1 1 1 0 1 0 0 1]
time:38 0.96 0.54
[1 1 1 1 0 0 0 0 1 0 1 1 1 1 0 0 1 0 1 0 1 1 0 0 0 0 0 0 1 1 0 1 1 1 1 0 0
 0 0 1 1 0 1 0 1 0 0 1 1 1 1 1 1 1 1 1 0 1 1 1 1 0 0 1 1 1 1 1 1 1 0 0 1 0
 1 1 0 1 1 1 1 1 1 0 1 0 1 1 1 1 0 1 1 1 1 1 0 1 0 0]
time:39 0.93 0.48
[0 0 1 1 1 1 0 0 0 0 0 0 1 0 0 1 1 1 1 1 1 0 0 1 0 1 1 1 0 1 1 1 1 1 1 1 0
 0 0 0 1 1 0 0 1 1 1 1 1 1 1 1 0 1 1 0 0 0 1 1 1 1 0 1 1 1 1 1 1 1 1 0 1 0
 1 1 0 1 0 1 1 1 0 0 1 0 1 0 0 0 0 0 0 1 0 1 0 0 0 0]
time:40 0.95 0.51
[1 1 1 0 1 1 1 1 0 0 0 1 1 1 0 1 1 1 1 1 1 1 0 0 1 1 0 0 1 1 0 1 1 1 1 1 1
 1 1 1 1 1 0 1 1 1 0 0 0 0 1 0 0 1 1 1 1 1 1 1 1 1 0 1 0 1 0 1 1 0 0 1 1 1
 1 1 0 1 0 1 0 0 1 0 1 1 1 1 1 0 0 1 0 0 1 1 0 0 0 1]
time:41 0.94 0.45
[1 1 1 1 1 0 1 0 0 0 1 1 0 1 1 1 0 1 0 0 0 0 0 1 1 0 0 1 0 0 1 1 1 1 1 1 1
 1 1 1 1 1 1 0 1 1 1 0 0 1 0 0 0 1 0 1 1 1 0 1 1 1 0 1 1 1 1 0 0 0 0 0 1 0
 1 1 0 0 1 1 1 1 0 1 1 1 0 0 1 0 1 1 1 1 0 0 0 0 0 0]
time:42 0.98 0.53
[0 1 1 1 1 1 1 0 0 0 0 1 0 1 1 1 1 1 0 1 0 1 0 0 0 1 0 0 1 1 1 1 1 1 1 1 0
 0 0 0 0 0 1 1 1 1 0 0 1 0 0 1 1 1 1 1 1 1 0 0 0 0 0 1 1 1 1 0 0 0 0 0 1 0
 1 0 0 0 0 1 0 1 1 1 1 1 1 1 0 1 0 0 1 0 0 1 0 0 0 0]
time:43 0.99 0.49
[1 1 1 1 0 0 0 0 0 0 0 1 0 1 1 1 1 1 1 0 1 0 0 0 0 0 0 1 1 1 1 1 1 1 1 0 0
 0 0 1 1 1 0 0 1 1 0 0 1 1 1 1 1 1 0 1 1 1 0 0 0 1 1 1 1 1 1 1 1 0 0 0 0 1
 1 0 0 0 1 1 1 1 0 1 0 0 0 0 0 0 1 1 1 1 1 0 0 0 0 0]
time:44 0.94 0.48
[1 1 1 1 0 0 0 0 0 0 0 0 1 1 1 1 1 1 1 0 1 0 0 1 0 0 1 0 1 1 1 1 1 1 1 1 1
 0 0 0 1 0 1 1 1 1 1 0 1 1 0 0 0 1 1 0 1 1 1 0 0 0 1 1 1 1 0 1 1 0 0 0 0 1
 0 1 1 1 0 1 1 1 1 0 0 0 0 0 0 0 0 1 1 0 0 1 0 0 0 0]
time:45 0.96 0.43
[0 0 0 1 1 1 1 0 0 0 0 0 0 0 0 1 1 1 0 0 0 0 0 0 0 0 1 1 0 0 1 0 1 1 1 0 0
 0 0 1 0 0 0 0 1 1 1 0 0 0 0 0 0 1 1 0 1 1 0 0 1 1 1 0 1 0 1 0 1 0 1 1 0 0
 0 0 0 0 1 1 0 0 0 0 1 0 0 0 0 0 1 0 1 0 0 0 0 0 0 0]
time:46 0.96 0.51
[1 1 1 0 0 0 0 0 0 0 0 0 1 0 1 1 1 1 1 1 0 1 0 0 0 0 0 1 1 1 1 0 0 1 1 1 1
 0 1 0 1 1 0 0 1 1 1 1 0 1 1 1 1 1 0 1 1 1 1 0 1 0 0 1 1 0 0 1 0 0 0 0 1 1
 1 1 0 0 0 0 1 0 1 1 1 0 0 1 1 0 1 0 0 0 1 1 1 1 0 0]
time:47 0.93 0.52
[1 1 0 1 1 1 0 0 0 1 0 1 1 1 1 1 1 1 1 1 1 1 1 0 0 0 1 1 1 0 1 1 1 0 1 1 0
 0 1 0 1 0 1 1 1 0 0 0 0 0 1 1 1 0 0 1 1 1 1 1 1 1 1 1 0 1 0 1 1 0 0 0 1 1
 1 0 0 1 0 0 0 0 1 1 1 0 0 1 1 0 0 0 1 1 0 0 0 0 0 0]
time:48 0.95 0.48
[1 1 0 0 0 0 1 0 0 0 0 0 1 1 1 1 0 1 1 0 0 0 0 0 0 0 0 1 1 0 1 0 1 1 0 1 0
 0 1 1 1 1 1 0 1 1 1 1 1 1 1 1 1 0 0 1 0 0 0 1 1 0 0 1 1 1 0 0 0 0 0 1 1 1
 1 1 1 0 0 0 1 1 1 1 1 1 0 1 0 0 0 1 1 1 0 0 1 0 1 0]
time:49 0.97 0.42
[0 0 1 0 1 1 0 0 0 0 0 0 0 1 1 0 0 1 1 1 0 0 0 0 0 0 1 0 1 0 1 1 1 1 1 0 0
 0 0 1 1 0 0 1 1 1 0 0 1 1 1 1 0 1 1 1 0 1 0 0 0 0 1 1 1 1 0 0 0 0 0 1 1 1
 1 1 1 1 1 1 1 1 1 1 1 0 0 0 1 0 0 1 0 0 0 1 0 0 0 0]
0.4:2
0.41:1
0.43:3
0.44:3
0.46:7
0.47:5
0.49:3
0.5:8
0.51:4
0.52:2
0.54:4
0.55:3
0.56:3
0.58:1
0.62:1
[55, 51, 43, 51, 50, 50, 46, 55, 44, 50, 49, 46, 40, 44, 46, 55, 43, 56, 62, 51, 46, 46, 58, 46, 50, 56, 47, 54, 49, 50, 40, 52, 46, 50, 56, 47, 54, 54, 54, 47, 50, 44, 52, 49, 47, 43, 50, 51, 47, 41]
49.26 22.7124
