time:0 0.98 0.54
[1 1 1 1 0 1 1 1 1 1 1 0 0 0 1 1 1 1 1 1 1 1 0 0 1 1 1 0 1 0 1 1 0 0 0 1 1
 0 0 0 1 1 0 0 0 1 1 1 1 1 0 1 1 0 1 1 1 1 1 1 0 1 1 1 1 1 1 1 1 0 1 1 0 0
 0 1 1 0 0 0 1 0 0 0 0 1 1 0 0 1 0 1 1 1 1 1 1 0 0 0]
time:1 0.86 0.56
[1 1 1 1 0 0 0 0 0 0 0 0 0 1 0 0 1 1 1 1 1 1 0 0 0 1 1 0 0 1 0 0 0 0 0 0 0
 1 1 1 0 0 0 1 1 1 1 1 0 0 0 0 1 1 1 0 0 1 0 1 1 1 0 0 1 1 0 0 0 1 1 0 0 0
 1 1 0 0 0 0 0 1 0 0 0 1 1 1 1 1 1 1 1 1 1 1 1 1 0 0]
time:2 0.91 0.49
[1 1 0 1 1 1 1 1 1 0 1 1 1 1 1 1 1 0 1 1 1 1 1 1 1 1 0 1 0 0 1 1 1 1 0 1 1
 1 1 0 0 1 1 1 1 1 1 0 0 0 0 1 1 0 1 1 1 1 1 1 1 1 1 1 1 0 0 1 1 1 1 0 0 0
 0 1 1 1 1 1 0 0 1 1 1 1 1 0 0 1 0 1 1 1 1 0 1 0 0 1]
time:3 0.87 0.45
[1 1 0 1 1 1 1 1 1 1 1 1 1 0 0 1 1 1 1 1 1 1 1 1 0 1 1 1 1 1 0 1 1 1 1 1 1
 1 1 0 0 1 1 1 1 1 1 1 1 1 1 0 0 1 1 1 0 0 1 1 1 0 1 0 0 1 1 1 0 0 1 0 0 0
 1 1 1 1 1 0 1 1 1 0 0 0 0 1 0 0 0 0 0 0 1 1 0 1 1 0]
time:4 0.86 0.52
[1 0 0 1 1 1 1 0 1 1 0 0 0 0 0 1 1 1 1 1 1 1 0 0 0 1 1 1 1 1 1 1 0 0 1 0 0
 1 1 1 0 1 0 0 0 0 0 1 1 0 0 0 1 0 0 1 0 0 1 1 1 0 0 0 1 1 0 0 0 1 1 0 0 0
 1 0 0 1 0 0 1 0 0 0 0 0 1 1 0 0 0 1 1 1 0 0 1 1 0 0]
time:5 0.88 0.51
[0 0 1 1 1 1 1 1 1 1 1 1 1 1 1 1 1 1 1 1 1 0 0 1 1 1 0 1 1 1 1 1 1 1 1 1 1
 1 1 1 0 1 0 1 1 1 1 1 0 1 1 0 0 1 1 1 1 1 1 1 1 1 0 0 1 1 1 1 1 0 1 0 0 0
 1 1 0 1 0 0 0 0 0 0 0 0 0 0 0 0 0 0 0 0 1 1 1 1 1 0]
time:6 0.88 0.45
[1 1 1 0 1 1 1 1 1 0 0 1 1 1 0 1 0 0 1 1 1 1 0 0 0 1 1 1 1 0 1 1 1 1 1 1 0
 1 0 1 0 1 1 0 0 1 1 1 1 1 1 1 1 1 1 1 1 1 1 1 1 1 0 0 1 0 0 0 0 1 1 0 0 0
 1 0 1 1 1 1 1 1 0 0 0 0 1 0 1 1 1 1 1 1 0 0 1 1 1 1]
time:7 0.93 0.47
[1 1 1 1 1 0 1 1 1 1 1 0 1 1 1 1 1 1 0 1 1 1 1 0 1 1 1 1 1 0 1 1 1 0 0 0 1
 1 1 1 1 1 0 0 1 0 0 1 1 1 1 0 1 1 1 1 1 1 1 1 1 0 0 1 1 0 0 0 0 0 0 0 0 0
 1 1 1 1 1 0 0 1 0 0 0 0 0 0 1 0 1 0 1 1 1 1 1 0 1 0]
time:8 0.87 0.46
[1 1 1 1 1 1 1 1 0 1 1 1 1 1 1 1 1 1 1 1 1 1 0 0 1 1 1 1 1 1 0 0 0 1 0 1 1
 1 1 1 1 1 1 0 1 1 1 1 1 1 1 0 0 0 0 1 0 0 0 0 1 1 0 0 1 1 0 1 0 0 0 0 1 0
 1 0 1 0 0 0 0 0 0 0 1 1 1 0 0 1 0 0 1 1 0 0 1 1 1 0]
time:9 0.88 0.59
[1 1 1 1 1 1 1 1 1 1 1 1 1 1 1 1 0 1 1 1 1 1 1 1 1 1 1 0 1 1 1 1 0 0 1 1 1
 1 1 1 1 1 0 0 0 0 0 1 1 0 0 0 1 1 0 1 1 1 1 1 0 0 1 1 0 0 0 1 1 1 1 0 0 1
 1 0 0 1 0 1 0 1 1 0 0 0 0 1 1 1 0 1 0 0 1 1 1 1 0 1]
time:10 0.85 0.59
[1 1 1 1 1 1 0 0 1 1 1 1 1 1 1 1 1 1 0 0 1 1 1 1 1 1 1 0 1 1 1 0 0 0 0 0 0
 1 1 1 1 0 1 1 1 1 1 1 0 1 0 0 0 1 1 1 1 1 1 1 1 0 0 1 1 1 1 1 1 1 1 1 0 1
 1 0 0 1 0 0 0 1 0 0 0 1 1 1 0 0 0 1 1 0 0 1 1 1 1 1]
time:11 0.88 0.46
[0 0 0 1 0 1 0 1 1 1 1 0 0 0 0 0 1 1 1 1 1 1 1 1 1 1 1 0 0 1 1 1 0 0 1 0 0
 0 0 0 0 0 0 1 1 1 0 0 0 1 1 1 1 1 1 1 0 0 1 1 1 0 0 1 1 1 1 1 1 1 1 1 0 0
 0 0 0 1 1 1 1 0 0 0 0 0 0 0 0 0 0 0 0 0 0 1 1 0 0 0]
time:12 0.9 0.53
[1 1 1 1 1 1 1 1 0 1 1 1 1 1 1 1 1 1 1 1 1 1 1 1 1 1 0 1 1 1 1 1 1 0 1 1 1
 1 1 1 1 1 0 1 1 1 1 1 1 1 1 0 1 1 1 1 1 1 1 1 1 0 0 1 1 1 1 1 1 0 1 0 0 0
 1 1 0 0 0 1 1 0 0 1 1 1 0 0 0 0 0 1 1 1 1 1 0 1 1 1]
time:13 0.8 0.51
[1 1 1 1 1 1 1 1 1 1 1 1 1 1 1 1 1 1 1 1 1 1 0 1 1 1 0 1 0 1 0 0 0 1 1 0 0
 1 1 0 0 1 1 1 1 1 1 0 0 0 1 0 1 0 1 1 1 1 0 1 1 0 1 0 1 1 0 0 0 0 0 0 0 0
 0 0 0 1 1 1 1 1 0 0 0 1 1 1 1 1 1 0 0 1 1 1 1 1 0 0]
time:14 0.86 0.51
[1 1 1 1 1 1 1 1 1 0 1 1 1 1 1 0 1 1 1 1 1 0 1 0 0 1 1 0 0 1 1 1 1 0 1 1 0
 1 1 1 0 1 0 1 1 1 1 1 1 1 1 1 1 0 0 1 1 1 0 1 0 0 0 0 1 1 0 0 0 1 1 0 0 0
 1 1 1 0 0 0 0 0 0 0 0 1 0 0 0 1 0 0 0 0 1 1 1 0 0 0]
time:15 0.92 0.48
[1 1 0 1 0 1 1 0 0 1 1 1 1 1 1 1 1 1 1 0 0 0 1 1 1 1 0 0 1 1 0 1 1 1 0 0 1
 1 1 1 1 0 1 1 1 1 1 1 0 0 1 1 1 1 1 0 1 1 1 1 1 1 0 1 1 1 1 1 1 1 1 1 0 0
 0 0 0 1 1 0 0 1 0 0 0 1 0 1 1 1 1 0 1 1 1 0 1 0 0 0]
time:16 0.91 0.63
[0 1 1 1 0 1 1 1 1 1 1 1 1 1 1 0 0 1 1 1 1 1 1 1 1 1 0 0 0 0 0 0 0 0 1 1 0
 1 1 0 0 1 0 0 1 0 0 0 0 0 1 0 0 0 0 1 0 0 1 1 1 1 1 1 1 0 1 1 1 0 0 0 1 0
 1 0 1 1 1 0 1 1 0 0 1 0 1 0 0 0 1 1 1 1 1 1 0 0 1 0]
time:17 0.79 0.56
[1 1 1 1 1 1 0 1 1 1 1 1 1 1 1 0 1 1 1 1 1 1 1 1 1 1 1 1 1 1 0 0 0 1 1 1 1
 1 1 1 0 1 1 1 1 1 1 1 1 1 1 1 1 1 0 1 1 1 1 1 0 0 0 1 1 0 0 0 0 1 0 0 0 1
 1 0 1 1 0 0 1 0 0 0 1 0 0 1 1 1 1 1 1 1 1 1 1 1 0 0]
time:18 0.88 0.59
[0 1 1 1 1 0 1 0 1 1 1 0 0 0 0 1 1 1 1 1 1 1 1 1 0 0 1 0 1 0 0 0 0 1 0 0 0
 1 1 0 1 1 1 1 1 1 0 1 0 1 1 0 0 0 1 1 1 1 1 1 0 0 1 1 0 0 0 0 1 1 1 1 0 0
 0 0 0 1 1 0 0 1 0 0 1 1 0 0 0 0 0 0 1 0 0 0 1 1 1 0]
time:19 0.94 0.47
[1 1 1 1 0 1 1 0 0 0 1 1 1 1 1 0 1 1 1 1 1 1 1 1 1 1 1 0 0 1 0 0 1 0 0 0 1
 1 1 1 1 1 0 1 1 1 1 1 0 0 1 1 0 1 1 1 1 0 1 1 1 1 1 1 1 0 0 0 0 0 0 0 0 0
 0 0 1 1 1 1 1 1 0 0 0 1 0 0 1 1 1 1 1 1 1 1 1 1 1 0]
time:20 0.92 0.46
[0 0 1 1 1 1 1 1 1 0 1 1 1 1 0 1 1 1 1 1 0 1 0 0 1 1 0 0 0 1 1 1 0 1 0 0 0
 1 1 1 0 0 0 1 0 0 1 1 0 0 1 0 1 1 0 0 1 0 1 1 1 1 1 1 1 1 1 1 1 1 1 1 0 1
 1 0 0 1 1 1 1 1 0 0 0 0 0 1 1 1 0 1 0 1 1 1 1 1 1 1]
time:21 0.96 0.4
[1 1 0 0 0 0 0 0 1 1 0 1 1 1 0 0 0 1 1 1 1 1 0 0 1 1 1 1 1 1 0 1 1 0 0 0 1
 1 1 1 1 1 1 1 1 1 1 0 1 1 1 1 0 1 1 1 1 1 1 1 1 1 0 1 0 1 0 0 1 1 1 0 0 0
 0 1 1 0 1 1 1 1 0 0 0 0 0 1 0 1 1 1 0 1 0 0 0 1 0 0]
time:22 0.93 0.57
[1 1 1 1 1 1 1 1 1 1 1 1 1 1 0 1 1 0 0 0 1 1 1 1 1 1 1 1 0 0 0 0 1 1 1 1 0
 0 1 1 1 1 0 1 1 1 1 1 0 0 0 1 1 1 0 1 0 1 1 1 1 0 0 0 1 1 1 0 0 1 1 0 0 0
 1 1 1 0 0 0 0 0 0 0 1 1 0 1 0 1 0 1 1 0 1 1 1 1 1 0]
time:23 0.87 0.48
[1 1 1 1 0 0 1 1 0 1 1 0 0 0 0 0 1 0 1 1 1 1 1 1 0 1 1 1 1 1 0 0 1 1 1 1 1
 1 0 1 1 1 0 0 0 1 0 0 0 0 0 1 0 1 1 0 0 0 0 1 1 1 1 1 1 1 1 1 0 0 0 0 0 0
 1 1 1 0 0 0 0 1 0 0 0 0 0 0 0 0 1 1 1 1 1 1 0 0 1 0]
time:24 0.87 0.56
[1 1 0 1 0 1 1 1 1 1 1 1 1 0 1 1 0 1 1 1 1 1 1 1 1 1 1 1 1 1 1 1 1 1 1 1 1
 1 0 0 0 0 0 0 1 0 1 1 0 0 0 0 0 0 0 1 1 1 1 1 0 0 0 1 1 1 1 1 1 1 1 0 0 0
 0 1 1 1 1 0 0 0 0 0 0 0 1 0 0 0 0 1 1 0 1 1 0 0 0 0]
time:25 0.91 0.48
[1 1 1 1 1 1 1 1 1 1 1 1 1 1 1 1 0 0 1 1 1 1 0 0 1 1 1 1 0 0 0 0 0 0 0 0 0
 1 1 1 0 0 0 0 0 0 0 0 1 0 0 1 0 0 1 0 0 0 0 0 1 0 0 0 1 1 1 0 1 1 1 1 0 0
 1 1 1 1 0 0 0 0 0 0 0 0 1 0 0 0 0 1 0 0 1 1 1 0 0 0]
time:26 0.93 0.39
[1 0 0 0 1 1 1 1 1 1 1 1 1 1 0 0 1 0 1 1 1 1 1 1 1 1 1 0 1 1 1 1 1 0 0 0 1
 1 1 1 0 1 0 0 0 1 1 1 0 1 1 1 0 0 1 0 0 1 0 1 1 1 1 1 1 0 1 0 0 0 0 1 1 0
 0 1 1 0 1 1 1 0 0 0 0 1 0 0 0 1 0 0 1 1 1 0 0 0 0 0]
time:27 0.88 0.49
[0 1 1 1 1 0 1 1 1 1 0 0 0 0 1 0 1 1 1 1 1 0 1 1 1 1 1 1 1 1 0 1 0 0 0 0 1
 0 1 1 1 1 1 0 0 0 0 0 0 1 1 1 1 1 1 1 0 0 0 0 0 1 1 0 1 0 1 1 0 0 0 0 1 1
 1 0 1 0 0 0 0 1 0 1 0 0 0 1 1 1 0 1 1 0 0 0 1 1 0 0]
time:28 0.82 0.5
[1 1 1 1 1 0 1 1 1 1 1 0 0 0 0 1 0 0 1 0 1 1 1 1 1 0 0 0 1 0 0 0 1 0 0 1 1
 1 0 1 1 1 0 0 1 0 1 0 0 0 0 0 1 1 0 1 0 0 0 1 1 1 1 1 1 0 0 0 0 0 1 1 0 0
 1 0 0 1 1 1 0 0 0 0 0 0 0 0 0 0 0 0 1 1 1 1 1 1 0 1]
time:29 0.9 0.45
[0 0 0 1 1 1 1 1 1 1 0 1 1 1 1 0 1 1 1 1 0 0 0 0 0 1 0 1 0 0 0 0 1 1 0 1 1
 1 1 1 1 1 0 1 1 1 1 1 1 0 1 1 1 1 1 1 1 1 1 1 1 0 1 1 0 0 0 0 0 0 0 0 0 0
 1 0 0 1 1 1 1 0 0 0 0 1 1 1 1 1 0 0 0 0 1 0 0 0 0 0]
time:30 0.84 0.53
[0 1 1 1 1 1 1 0 1 1 1 1 1 1 0 1 0 0 0 1 1 1 1 1 1 1 1 1 1 1 1 1 1 1 0 1 1
 1 1 0 1 0 0 1 1 1 0 0 1 1 1 1 0 0 0 1 0 0 0 0 0 0 1 0 0 0 0 0 0 0 0 0 0 1
 0 1 0 0 0 0 0 1 1 0 0 0 1 1 1 0 0 1 1 1 1 1 1 1 0 0]
time:31 0.89 0.46
[0 0 0 1 1 0 1 1 1 1 1 0 0 0 0 0 0 1 1 1 0 0 0 0 0 1 1 1 1 0 0 0 0 1 0 0 0
 1 0 0 0 0 1 1 1 0 0 1 0 0 0 0 0 1 0 1 0 1 0 0 0 0 0 1 1 1 1 0 1 0 0 1 0 0
 1 0 1 1 1 0 0 0 0 0 0 1 0 0 1 1 1 1 0 0 0 0 1 0 1 1]
time:32 0.93 0.52
[1 1 1 1 1 0 1 1 1 1 1 1 0 0 0 0 0 1 1 1 1 0 0 0 0 1 1 1 0 1 0 0 1 1 0 1 0
 0 1 1 1 1 0 0 1 0 0 0 0 0 0 0 1 0 1 0 0 0 1 1 0 0 0 1 1 0 1 1 0 0 0 0 1 0
 0 0 1 1 0 0 0 1 1 0 0 1 1 1 0 0 1 1 1 1 1 1 0 0 0 0]
time:33 0.91 0.43
[1 0 0 1 1 1 1 1 1 0 1 0 0 0 1 1 1 1 1 1 1 1 0 0 1 1 1 1 0 0 0 1 0 0 0 1 1
 1 1 0 1 1 1 1 1 1 1 0 0 1 0 1 1 1 0 1 0 1 1 0 1 0 1 1 1 1 1 1 1 0 1 0 1 0
 1 1 0 0 1 1 0 1 1 0 0 1 1 0 0 1 1 1 1 0 1 1 0 0 0 1]
time:34 0.83 0.58
[1 1 1 1 1 1 1 1 1 1 1 1 1 1 1 1 1 1 1 0 1 1 1 1 1 1 1 1 1 1 1 1 1 1 1 1 0
 0 1 0 0 0 0 0 0 1 1 1 1 1 1 0 1 1 0 0 1 1 1 1 0 0 0 1 1 0 0 1 0 0 1 1 0 0
 1 1 0 0 0 0 1 1 0 0 0 0 1 1 1 1 0 0 1 1 1 1 0 1 0 1]
time:35 0.72 0.44
[1 1 1 1 0 0 0 1 0 0 0 0 1 1 0 0 0 1 1 0 0 0 0 0 0 1 0 0 1 0 0 1 1 0 0 1 0
 0 1 1 1 0 0 1 0 1 0 0 1 1 0 0 0 1 1 1 0 0 0 0 1 0 1 1 1 0 0 0 0 0 0 0 0 0
 0 0 0 0 0 0 0 0 0 0 0 0 1 1 1 1 1 1 0 1 1 0 1 1 1 0]
time:36 0.95 0.53
[1 1 1 0 0 1 1 1 1 1 1 1 1 1 0 0 0 0 0 1 1 1 0 0 0 1 1 1 1 1 1 1 1 1 1 1 1
 0 0 0 0 1 0 1 0 1 1 1 0 1 1 1 0 1 1 0 1 1 1 1 1 1 0 1 0 1 0 0 0 1 0 0 1 0
 1 1 1 1 1 1 1 1 0 0 0 1 0 0 0 1 1 1 1 0 1 1 1 1 0 0]
time:37 0.91 0.53
[0 0 0 1 1 0 1 1 1 1 0 0 0 0 0 0 0 1 0 0 1 0 0 0 0 0 1 0 0 1 1 0 0 0 0 0 0
 1 1 0 0 1 0 1 1 1 1 0 0 1 1 1 1 1 1 1 0 1 1 0 0 0 1 1 1 1 1 1 0 0 0 0 0 1
 1 1 1 1 1 1 1 0 0 0 0 1 0 0 0 1 1 1 1 0 0 1 1 1 0 1]
time:38 0.82 0.54
[1 1 1 0 0 1 0 0 1 1 1 1 1 1 0 0 0 1 1 1 1 1 0 1 0 1 1 0 0 0 0 1 1 1 1 1 1
 1 1 1 1 1 0 0 1 1 0 1 0 1 0 1 1 1 1 1 1 0 0 1 1 1 1 1 1 1 1 1 1 0 0 0 0 1
 1 1 0 1 0 1 1 1 0 0 0 0 0 0 0 1 0 1 0 0 1 1 1 1 0 1]
time:39 0.96 0.44
[1 1 1 1 1 1 1 1 0 1 1 1 0 1 1 1 1 1 1 1 1 1 1 1 1 1 1 1 1 1 1 1 0 1 0 0 1
 1 1 1 1 1 1 1 1 1 1 1 1 1 1 1 0 1 1 1 1 0 1 1 1 1 1 0 0 1 1 0 0 1 1 1 1 1
 1 1 1 1 1 1 1 1 0 0 0 0 1 1 0 0 1 1 0 1 1 1 1 1 1 0]
time:40 0.97 0.52
[0 0 1 1 1 1 1 0 1 0 1 1 0 1 0 0 0 1 1 1 1 1 1 0 0 1 1 0 1 1 1 0 1 1 0 1 0
 1 1 1 0 0 0 1 1 0 1 0 0 0 0 1 1 1 1 1 1 1 1 1 0 0 0 0 0 0 0 0 1 1 0 0 1 0
 1 1 0 1 1 1 1 0 0 0 1 0 1 0 1 0 1 1 1 1 1 0 0 1 1 0]
time:41 0.87 0.46
[1 0 0 0 0 0 1 1 1 1 1 1 1 0 0 0 1 1 0 1 1 0 0 0 0 1 1 1 1 1 1 1 1 1 1 0 1
 1 0 0 0 1 1 1 1 1 1 1 1 0 1 1 0 0 1 1 1 1 0 0 0 0 0 0 1 0 1 1 1 1 1 0 0 0
 0 1 1 1 0 0 1 0 1 0 0 0 1 0 0 0 1 1 1 1 0 1 0 0 0 0]
time:42 0.95 0.44
[0 0 1 1 1 1 1 1 1 1 1 1 1 1 1 1 1 1 1 1 1 0 1 1 1 1 0 0 0 0 0 0 0 1 1 0 1
 1 1 1 1 0 0 1 1 1 1 0 0 1 1 0 0 0 0 1 0 0 0 0 0 1 1 1 0 0 0 0 0 0 1 1 0 0
 0 0 1 1 0 1 0 1 1 0 0 1 0 0 0 0 1 1 1 0 0 1 1 1 1 0]
time:43 0.88 0.46
[1 1 1 1 0 1 1 0 0 0 0 1 1 0 0 0 1 1 1 1 1 0 0 0 1 1 0 0 0 1 1 1 1 0 0 1 1
 1 1 0 0 1 1 1 1 1 0 0 0 1 1 1 1 1 1 1 1 0 1 1 1 0 0 1 0 0 0 0 1 0 0 0 0 1
 0 0 1 1 1 1 1 0 0 0 1 0 1 1 1 0 0 0 1 1 1 1 0 0 0 0]
time:44 0.86 0.54
[1 1 1 1 1 0 1 1 1 1 1 1 0 0 1 1 0 1 1 1 1 1 0 0 1 1 0 1 1 0 1 0 0 0 0 1 0
 1 1 0 1 1 1 1 1 1 1 0 1 0 1 0 0 1 0 1 1 1 0 0 0 1 1 0 1 1 0 1 1 1 1 1 0 0
 1 1 1 1 1 0 0 1 0 1 1 1 0 0 1 1 0 1 0 1 1 1 0 0 0 0]
time:45 0.96 0.56
[0 0 1 0 0 1 0 1 1 1 1 0 0 1 1 1 0 1 0 1 1 0 1 0 0 1 0 0 0 1 0 0 1 0 0 0 0
 0 1 0 1 0 0 1 0 0 0 0 0 1 1 1 1 0 0 0 0 0 1 1 1 1 1 1 0 0 1 1 0 0 1 1 0 1
 1 1 1 1 1 1 1 0 1 1 0 1 1 1 1 1 1 1 1 1 1 1 1 1 0 1]
time:46 0.86 0.38
[1 1 1 1 1 1 0 1 0 1 0 1 1 0 0 0 0 1 1 1 0 1 1 1 1 1 1 1 0 0 1 0 1 0 1 1 1
 1 1 1 1 1 1 1 1 0 0 1 1 1 1 1 0 1 1 1 1 0 1 1 1 1 1 1 0 0 0 0 0 1 1 1 0 0
 0 0 0 0 1 1 1 0 0 0 0 0 1 1 1 0 1 1 1 1 0 0 1 0 1 0]
time:47 0.91 0.5
[0 0 1 1 1 1 0 0 1 1 1 1 1 1 1 1 1 1 1 1 1 0 0 0 0 0 1 0 0 0 0 1 0 0 0 1 0
 0 0 1 1 0 0 0 1 1 1 1 1 1 0 0 1 0 1 0 0 1 0 1 0 0 0 1 1 0 1 0 0 0 0 0 1 1
 0 1 0 1 1 0 0 0 1 1 0 1 0 0 1 0 0 1 0 0 0 1 0 0 1 0]
time:48 0.89 0.46
[0 0 1 1 1 1 1 0 1 1 1 1 1 1 1 1 1 1 1 1 1 1 0 0 1 1 1 1 1 1 1 1 0 0 0 0 0
 0 1 1 1 0 0 1 1 0 1 0 0 0 1 1 1 1 1 1 1 1 1 0 0 0 0 0 1 0 1 1 1 1 1 0 0 1
 0 0 1 0 1 1 0 0 0 0 0 1 1 0 0 0 1 0 0 0 0 0 0 1 0 1]
time:49 0.9 0.5
[1 1 1 1 1 1 1 1 1 1 1 1 1 1 0 0 1 0 0 0 1 0 1 1 1 1 1 1 1 0 0 0 0 0 0 1 1
 1 1 0 0 0 1 1 1 1 0 0 1 1 1 1 1 1 0 1 0 0 0 1 1 1 1 1 1 1 0 1 1 0 0 0 0 1
 1 0 0 1 1 1 1 1 0 1 1 1 1 0 0 1 1 1 1 0 0 0 1 0 0 0]
0.37:1
0.38:1
0.4:1
0.43:4
0.44:3
0.46:9
0.47:3
0.49:2
0.5:6
0.51:3
0.52:4
0.54:3
0.56:5
0.57:1
0.58:3
0.62:1
[54, 56, 49, 44, 51, 50, 44, 46, 46, 58, 58, 46, 52, 50, 50, 47, 62, 56, 58, 46, 46, 40, 56, 47, 56, 47, 38, 49, 50, 44, 52, 46, 51, 43, 57, 43, 52, 52, 54, 43, 51, 46, 43, 46, 54, 56, 37, 50, 46, 50]
49.36 30.0304
