time:0 0.95 0.39
[0 1 0 1 1 0 0 0 0 0 0 0 1 1 0 0 0 1 1 1 0 0 0 0 0 0 1 1 1 1 1 1 1 1 1 1 0
 1 1 1 0 1 1 1 1 0 1 0 0 0 1 1 1 1 1 0 0 1 0 0 0 0 0 1 1 1 1 1 0 0 1 1 1 1
 0 0 1 1 1 1 0 1 1 1 0 0 0 0 0 0 0 0 0 0 0 0 1 0 0 1]
time:1 0.93 0.55
[1 1 0 1 1 1 1 0 0 1 0 0 0 1 0 0 0 0 1 0 1 1 1 1 0 1 0 1 1 1 1 1 1 1 0 0 0
 0 0 1 1 1 0 0 1 0 0 0 1 0 1 0 0 1 1 1 0 0 1 0 0 1 1 1 1 0 0 0 0 1 1 1 0 0
 1 0 0 1 0 1 0 0 1 1 1 1 1 1 0 1 0 1 1 0 0 0 1 0 0 1]
time:2 0.89 0.47
[0 1 1 1 0 0 1 0 0 0 1 0 1 1 1 1 1 1 1 1 1 0 0 0 1 0 1 1 0 0 0 1 1 1 0 0 1
 0 0 1 1 0 0 0 0 1 1 1 0 0 1 0 1 1 1 0 0 0 1 0 1 1 0 0 0 0 1 0 1 1 1 1 1 1
 0 1 0 0 1 1 0 0 0 0 0 1 1 0 0 0 0 0 0 1 1 1 0 0 0 0]
time:3 0.96 0.56
[0 1 0 0 0 0 0 0 1 1 0 1 1 1 1 0 1 1 1 1 1 0 0 0 0 1 1 0 1 1 1 1 1 0 1 1 1
 0 1 0 1 1 0 0 1 1 0 1 1 1 1 0 0 0 1 0 0 0 0 1 1 1 1 0 1 1 1 1 1 1 0 0 1 1
 1 1 0 1 0 1 1 1 0 1 1 0 0 0 0 1 1 1 1 1 0 0 0 0 0 0]
time:4 0.95 0.49
[0 0 0 1 1 1 1 0 1 0 0 1 1 1 0 0 1 1 1 1 1 0 0 0 0 0 0 1 1 0 1 1 1 1 0 0 0
 0 0 1 1 1 0 1 0 0 0 1 0 0 0 0 0 1 0 0 0 0 0 0 0 0 1 1 1 1 1 0 0 0 0 0 0 1
 1 0 1 1 0 0 1 0 0 1 1 0 0 1 0 0 0 0 1 0 1 0 0 0 1 1]
time:5 0.91 0.47
[1 1 1 1 1 1 0 0 0 0 0 0 1 1 1 1 1 1 1 1 0 0 0 0 0 1 0 1 1 0 1 1 1 1 1 0 0
 1 1 1 1 1 1 0 1 0 0 1 0 1 1 0 1 1 0 0 1 0 1 1 1 1 0 1 1 1 0 0 0 0 1 1 0 1
 1 1 0 1 1 1 1 1 1 0 1 1 1 1 1 0 1 0 0 1 1 1 1 1 0 0]
time:6 0.94 0.41
[1 0 0 1 1 0 1 1 0 0 0 1 1 1 1 0 1 1 1 0 1 1 0 0 1 1 1 1 1 0 1 1 1 1 0 1 1
 1 1 1 1 1 0 0 0 1 1 1 1 1 1 1 1 1 1 1 0 0 1 1 0 1 1 1 1 1 1 1 0 0 1 1 1 1
 1 1 0 1 0 0 1 1 0 0 1 0 0 1 0 0 0 1 0 0 1 1 0 0 0 0]
time:7 0.91 0.49
[1 1 1 0 0 1 0 0 1 0 0 0 0 1 0 1 1 1 1 1 0 0 1 0 0 0 1 1 1 0 1 1 0 0 0 1 0
 1 1 1 0 0 1 1 0 0 0 0 0 1 1 1 1 0 1 0 1 1 1 0 0 1 1 1 1 0 1 0 0 0 1 1 1 1
 1 1 1 0 0 0 1 0 0 0 1 1 1 1 1 1 1 1 1 1 0 1 1 0 0 0]
time:8 0.96 0.49
[0 1 1 1 1 1 0 1 0 0 0 1 1 1 0 1 1 1 1 0 1 1 1 0 1 1 0 1 0 0 1 1 1 1 1 1 1
 0 0 1 1 0 1 1 0 0 0 1 0 0 0 0 1 1 1 1 1 0 0 0 0 1 1 0 1 1 1 1 1 0 0 1 1 0
 1 1 0 1 0 1 1 1 0 0 1 1 1 1 1 1 0 1 1 1 1 0 0 0 0 1]
time:9 0.95 0.51
[0 1 1 0 1 0 0 0 0 0 0 0 1 1 0 0 1 1 1 1 1 0 1 1 0 0 0 1 0 0 0 1 1 1 1 0 0
 1 0 0 1 1 0 0 0 1 0 1 1 1 1 1 0 1 1 1 0 0 1 1 1 0 0 1 1 1 1 1 0 0 0 1 0 0
 0 0 0 0 0 0 0 0 0 1 1 1 0 0 0 0 0 0 1 0 1 0 0 0 0 1]
time:10 0.87 0.44
[1 1 0 1 0 1 1 0 0 0 0 0 1 1 0 1 1 1 1 1 1 0 0 1 1 0 1 1 1 0 1 1 1 1 1 0 1
 1 1 1 0 0 0 0 1 0 1 0 0 1 1 1 1 1 1 1 1 0 1 1 1 0 1 1 1 1 1 0 1 1 1 1 1 0
 1 1 1 1 1 0 1 1 1 1 1 1 1 1 1 1 1 1 1 0 0 0 1 0 0 0]
time:11 0.95 0.53
[1 1 1 1 1 1 0 0 0 0 1 1 1 1 0 1 0 1 1 0 1 1 1 0 0 0 0 1 1 0 0 1 1 1 0 0 0
 0 0 1 1 1 1 0 0 1 1 1 1 1 1 0 0 1 1 1 0 0 0 1 1 0 1 1 0 0 1 1 0 0 0 0 0 0
 1 1 1 1 0 1 1 1 0 0 0 0 1 1 0 0 1 1 1 0 1 1 1 0 0 1]
time:12 0.91 0.43
[1 1 1 1 1 1 1 1 1 1 1 1 0 1 1 1 1 1 1 1 1 1 0 0 1 1 1 1 1 1 1 1 1 1 1 1 1
 1 1 0 1 1 1 1 1 0 0 0 0 1 1 0 0 1 0 0 0 0 1 1 1 1 1 1 1 1 1 0 1 1 1 1 1 1
 1 1 1 1 1 1 1 0 0 0 0 0 0 1 1 0 1 1 1 1 1 1 0 0 0 0]
time:13 0.92 0.41
[0 1 0 0 1 0 1 0 0 0 1 1 1 1 0 1 1 1 1 0 1 0 0 0 1 1 1 1 1 0 1 1 1 1 0 0 0
 0 1 1 1 1 0 0 0 1 0 1 0 1 1 0 0 0 1 1 1 1 1 1 1 1 1 1 1 1 0 0 1 1 1 1 1 1
 0 0 0 0 0 1 1 1 0 1 0 0 0 0 0 0 0 0 1 1 0 1 0 0 0 0]
time:14 0.92 0.5
[1 1 0 0 0 1 1 0 0 0 0 0 1 1 0 0 0 0 1 1 1 1 1 1 0 0 0 0 1 1 1 1 1 1 0 1 0
 1 1 1 1 0 0 0 0 1 0 1 0 1 1 1 1 0 1 1 0 1 1 1 1 0 1 1 1 1 0 0 0 0 0 1 1 0
 1 1 0 0 1 0 0 1 1 1 1 1 1 1 0 0 0 0 1 1 0 0 0 0 1 1]
time:15 0.83 0.46
[0 1 0 1 1 1 0 0 0 1 0 1 0 1 1 0 0 0 0 1 1 1 1 1 0 1 1 1 0 1 1 1 1 1 1 1 1
 1 1 1 1 1 1 1 1 0 0 0 0 1 1 0 1 1 1 1 1 0 0 0 0 1 1 0 1 0 0 0 0 1 1 1 1 1
 0 0 1 0 1 1 1 0 0 0 1 1 1 1 0 0 0 1 1 1 0 0 1 1 0 1]
time:16 0.83 0.51
[0 1 1 1 1 0 0 0 1 1 0 0 1 1 1 0 0 1 0 0 1 1 1 1 0 0 0 1 1 1 1 1 1 1 0 1 1
 1 1 1 1 0 0 0 0 1 0 1 1 1 0 0 0 1 1 1 0 0 0 1 1 1 1 1 0 0 0 0 1 1 1 1 1 0
 0 1 0 1 1 0 0 0 1 1 1 1 1 0 0 0 0 0 1 0 0 0 1 0 0 0]
time:17 0.91 0.4
[1 1 0 0 1 0 0 0 0 1 1 0 1 0 1 1 1 0 1 0 0 0 1 0 0 1 1 1 1 1 1 1 1 0 1 0 0
 0 1 1 1 1 0 1 1 1 1 1 1 1 0 1 1 1 1 0 1 0 0 0 1 1 1 1 1 1 1 1 1 1 1 0 1 1
 1 1 0 1 1 0 0 1 1 1 0 1 0 0 0 0 0 0 0 1 0 0 1 0 0 0]
time:18 0.89 0.49
[0 0 0 1 0 1 0 0 0 0 0 0 1 1 0 0 1 1 0 1 1 1 1 0 0 0 1 1 1 1 1 1 1 1 0 1 0
 1 1 1 0 0 1 1 1 0 0 1 0 1 0 0 1 0 0 0 0 0 1 0 0 0 1 1 1 1 1 1 1 1 1 1 1 1
 0 0 0 1 0 1 0 0 1 1 1 0 0 0 0 1 1 1 1 1 1 0 0 0 0 0]
time:19 0.96 0.54
[1 1 0 0 0 0 0 0 0 0 0 0 1 1 1 0 1 1 1 1 1 1 1 0 0 0 1 0 0 0 1 1 1 1 1 1 0
 0 1 1 1 1 0 0 1 1 1 0 0 1 1 0 0 0 0 0 0 1 1 1 0 0 1 1 0 0 0 0 0 1 1 1 0 0
 0 0 0 1 0 1 1 0 0 1 1 1 1 0 0 1 1 0 0 0 1 0 0 0 0 1]
time:20 0.94 0.47
[1 1 1 1 1 1 1 1 0 0 0 0 0 0 0 0 0 0 0 1 1 1 1 1 0 0 1 1 1 0 1 1 1 1 0 1 1
 1 1 1 1 1 0 0 1 0 0 1 1 1 1 0 1 1 1 1 0 0 1 1 1 0 0 1 1 1 1 0 0 1 0 1 1 1
 0 0 1 1 1 1 1 1 1 1 0 1 1 0 0 1 1 1 0 1 1 0 0 0 0 0]
time:21 0.92 0.54
[0 1 0 0 0 0 0 0 0 0 0 0 1 1 1 1 1 1 1 1 1 1 1 0 0 1 0 0 1 1 0 1 1 1 1 1 1
 0 0 1 0 1 1 0 0 1 1 1 0 1 1 0 1 0 1 1 0 1 1 1 1 0 0 1 1 0 1 0 0 0 0 0 0 0
 1 0 0 0 0 1 1 0 0 0 0 1 1 1 0 0 0 1 1 0 0 0 1 1 0 0]
time:22 0.95 0.51
[0 1 1 0 0 0 0 1 1 0 1 1 1 0 0 1 1 1 0 1 1 1 1 0 0 0 0 0 0 0 1 1 1 0 1 1 0
 1 1 1 1 1 1 1 1 0 1 1 0 0 0 0 0 1 0 1 1 0 1 1 1 1 1 1 0 1 0 0 0 0 1 1 0 1
 1 0 0 1 0 1 1 1 1 1 1 1 1 1 0 0 0 1 0 1 1 0 1 0 0 1]
time:23 0.98 0.49
[0 0 1 1 0 1 0 0 1 1 0 1 1 0 0 0 1 1 0 1 1 0 1 0 1 1 1 0 1 0 1 1 1 1 1 1 0
 1 1 1 1 0 0 0 1 1 0 0 1 1 1 1 1 1 1 0 1 1 1 0 1 0 0 1 1 1 1 1 0 1 0 1 1 1
 1 1 1 1 1 1 0 0 0 0 0 1 0 1 1 0 0 0 1 0 0 1 0 0 0 1]
time:24 0.89 0.49
[1 1 1 1 1 1 0 0 1 1 0 1 1 0 0 0 0 1 1 1 1 0 1 1 1 1 0 1 1 0 1 1 1 1 1 0 0
 0 0 0 1 1 0 1 1 1 1 0 1 0 0 0 1 1 1 1 0 1 0 0 0 0 1 1 0 0 1 0 0 1 1 1 1 1
 0 0 0 1 1 0 0 1 1 1 0 0 0 1 0 0 0 0 1 0 0 1 1 0 0 0]
time:25 0.96 0.47
[1 1 1 1 1 0 1 0 0 0 1 1 1 0 0 1 0 1 1 1 0 0 0 1 1 0 0 1 1 1 1 1 1 1 1 0 0
 0 0 1 1 1 0 1 1 0 0 1 1 0 1 0 0 1 0 0 0 0 0 0 0 0 1 1 1 0 0 1 1 0 1 1 1 1
 1 0 0 1 0 1 1 0 1 1 1 1 1 1 0 0 1 0 1 1 0 1 0 0 0 1]
time:26 0.96 0.45
[1 1 0 0 1 0 1 0 0 0 0 0 0 1 1 1 1 1 1 0 0 0 0 0 1 1 1 1 1 0 1 1 1 1 1 1 1
 0 0 0 1 1 1 0 1 0 0 1 0 0 1 0 0 1 1 1 1 0 0 0 0 0 1 1 1 1 0 1 1 0 0 1 1 1
 0 0 0 1 1 0 0 1 0 1 0 0 0 0 1 1 1 1 0 1 1 0 0 0 1 0]
time:27 0.81 0.54
[0 1 1 1 1 0 0 0 1 1 0 1 0 1 0 0 1 1 0 0 1 1 0 1 1 0 1 0 0 1 1 1 1 1 1 1 0
 1 1 1 1 1 0 1 1 0 0 1 0 1 1 1 0 1 1 0 0 0 1 0 0 0 1 1 1 1 1 0 0 1 1 1 1 1
 0 1 1 1 1 1 0 1 0 1 1 1 1 1 0 0 1 1 1 1 0 0 0 1 0 1]
time:28 0.87 0.49
[1 0 0 1 1 0 0 0 1 1 0 0 1 1 0 0 1 1 1 1 0 0 0 1 0 0 0 0 0 0 1 1 1 1 1 1 0
 0 1 1 1 1 0 1 1 1 1 1 0 1 1 0 0 0 0 0 1 0 1 0 1 1 0 1 1 1 1 0 0 1 1 1 1 1
 0 1 1 1 0 0 0 0 1 1 1 0 0 0 0 0 0 1 1 0 0 0 0 0 0 0]
time:29 0.93 0.4
[1 1 1 0 1 0 1 1 0 1 1 1 1 0 0 0 0 1 0 0 1 0 0 1 0 1 0 1 0 1 1 1 1 1 1 1 0
 0 1 1 1 1 1 0 0 1 1 0 0 1 0 1 1 1 1 1 1 1 1 1 1 1 1 1 1 0 0 0 0 0 0 1 0 1
 0 0 1 1 1 1 1 1 1 0 0 1 0 1 1 0 1 1 1 0 1 1 1 0 0 1]
time:30 0.9 0.48
[1 1 0 0 0 0 1 0 1 0 0 1 1 1 1 0 1 1 0 0 1 1 1 1 0 0 1 1 1 0 1 1 1 1 1 0 0
 1 1 1 1 0 0 1 1 1 1 0 0 0 1 1 0 1 1 1 0 0 0 0 0 1 1 1 1 1 1 0 0 0 0 1 1 1
 0 1 1 1 0 0 1 1 0 0 0 1 1 1 1 0 0 0 0 0 1 1 1 0 0 1]
time:31 0.86 0.5
[1 0 0 0 0 1 0 1 0 0 0 0 1 0 1 1 0 1 1 1 1 0 0 0 0 0 1 1 0 1 1 1 1 1 1 1 0
 0 0 0 1 0 1 1 1 0 1 1 0 0 1 0 0 0 0 1 1 1 0 0 0 0 0 0 0 0 0 1 1 1 1 0 1 0
 0 0 0 0 0 1 0 0 1 1 1 1 1 0 0 0 1 1 0 1 1 1 0 0 0 0]
time:32 0.93 0.5
[0 1 0 0 0 0 1 0 0 0 0 0 0 1 0 1 1 1 1 0 1 0 0 0 0 0 0 1 1 1 1 0 1 1 1 1 0
 0 1 1 0 1 0 1 1 0 0 1 1 1 1 0 0 1 1 1 1 0 0 1 1 0 0 1 0 1 0 1 1 1 1 1 0 0
 0 0 0 0 1 0 1 1 0 0 0 0 0 0 0 0 0 1 0 0 1 1 1 0 0 0]
time:33 0.87 0.48
[1 1 1 1 0 0 0 0 0 0 0 0 0 1 1 1 0 1 0 1 1 0 0 0 0 1 1 1 1 0 1 1 1 1 1 0 0
 0 1 1 1 1 1 0 1 0 0 0 0 1 1 0 0 1 1 1 1 1 0 1 1 1 0 1 1 1 1 0 0 0 0 1 0 0
 1 1 0 1 0 0 1 1 1 1 1 0 0 0 0 0 1 1 0 0 0 0 1 0 0 0]
time:34 0.97 0.44
[0 1 0 1 0 1 0 0 0 0 0 0 1 1 0 1 1 1 0 0 0 0 0 0 0 0 1 1 1 1 1 1 1 1 0 0 0
 0 1 1 1 0 0 1 1 1 0 1 0 0 1 1 1 1 1 1 1 1 1 0 0 1 1 1 1 1 1 1 0 1 1 1 1 1
 1 0 0 0 1 0 1 0 0 0 1 1 0 1 0 0 0 0 0 1 0 0 0 0 0 0]
time:35 0.99 0.57
[0 0 1 1 1 1 1 0 1 1 0 1 1 1 1 1 1 1 1 1 1 0 1 1 0 0 0 1 1 0 1 1 1 0 0 1 0
 1 1 1 0 0 1 1 1 1 0 1 0 1 1 0 0 1 0 1 1 0 1 0 0 0 0 0 1 0 1 1 1 1 1 1 1 1
 0 0 0 0 0 1 1 0 0 0 1 1 1 1 0 0 1 1 1 0 0 0 1 0 0 0]
time:36 0.88 0.47
[0 1 1 1 1 0 0 0 0 0 0 0 0 1 0 0 0 1 1 1 0 0 0 1 0 0 1 0 0 1 1 1 1 1 1 1 1
 0 0 0 1 0 1 0 1 0 1 1 1 1 1 1 1 1 1 1 0 0 1 1 1 1 1 1 0 1 1 1 1 0 1 1 0 1
 0 1 0 0 0 0 1 1 0 1 1 0 1 1 0 0 1 1 0 1 0 0 0 0 0 0]
time:37 0.92 0.48
[1 1 0 0 0 1 0 0 0 1 0 1 1 1 1 0 1 1 1 1 1 0 1 1 0 1 1 1 1 0 0 1 1 1 1 0 0
 1 1 0 0 1 0 0 0 0 0 0 0 1 1 1 1 1 1 1 1 1 0 1 1 0 1 1 0 0 0 0 0 0 1 0 0 0
 0 0 1 0 1 0 0 1 0 1 1 0 0 0 0 0 0 1 1 1 1 0 0 0 0 0]
time:38 0.86 0.52
[1 1 1 1 1 1 0 0 0 0 0 0 1 1 0 0 0 0 0 0 1 0 0 1 1 1 0 1 1 0 0 1 1 1 1 1 1
 1 1 1 1 1 0 1 1 1 1 1 1 1 1 0 0 1 1 1 1 1 1 1 1 1 1 1 1 1 1 1 1 1 1 1 1 1
 1 0 0 1 1 1 1 1 0 1 0 1 1 1 1 1 0 1 0 0 0 1 0 1 0 0]
time:39 0.97 0.46
[1 0 0 0 0 1 1 0 1 0 1 0 0 1 1 0 1 0 1 1 1 0 1 0 0 0 1 1 0 1 1 1 1 1 1 0 0
 1 1 1 1 1 0 0 1 1 1 1 1 0 1 0 0 1 1 1 0 0 1 1 1 0 0 1 1 0 0 0 0 1 0 1 0 0
 0 1 1 1 0 1 1 0 1 1 1 0 0 0 0 0 1 1 1 1 0 1 1 0 0 0]
time:40 0.95 0.5
[1 1 0 1 1 1 0 0 1 0 0 0 1 1 1 1 1 1 0 1 0 0 1 0 1 1 1 1 1 0 1 1 1 1 1 1 0
 0 0 1 1 1 0 1 1 0 0 0 0 0 1 0 1 1 1 1 1 0 0 0 1 1 1 0 0 0 0 0 0 1 1 0 1 1
 0 1 0 1 0 1 1 0 0 0 0 1 1 1 0 0 0 1 1 1 0 0 1 1 0 0]
time:41 0.89 0.45
[1 1 1 0 1 0 0 1 1 0 0 1 0 0 1 1 1 1 1 0 0 0 0 0 0 0 1 1 1 1 1 1 1 1 0 0 0
 0 0 1 1 1 1 1 1 1 1 1 1 1 1 0 0 0 1 1 1 1 0 0 0 1 1 0 0 1 1 1 0 1 1 0 1 1
 1 1 1 1 1 1 1 1 0 0 0 0 0 0 0 1 1 1 0 1 1 1 1 0 0 0]
time:42 0.95 0.5
[1 1 0 1 0 0 0 0 0 0 1 1 1 1 1 0 1 1 1 1 1 1 0 0 0 1 1 0 1 0 1 1 1 1 1 1 0
 0 0 1 1 1 0 1 1 1 0 0 0 0 0 1 1 1 1 1 1 0 0 0 0 0 1 1 1 1 1 1 1 0 1 0 0 1
 1 0 1 1 0 0 0 1 1 1 1 1 1 1 1 0 0 0 0 1 0 0 0 1 0 0]
time:43 0.86 0.47
[1 1 1 1 0 0 0 0 0 0 0 0 1 1 1 1 0 1 1 0 1 0 0 0 1 1 0 1 0 1 0 1 1 1 1 1 1
 1 1 1 0 1 0 1 1 0 0 1 1 1 1 1 1 1 1 0 0 0 1 1 1 1 1 1 1 1 1 0 0 0 0 0 0 1
 0 1 1 1 0 0 1 0 1 1 1 1 1 0 0 0 1 1 1 1 0 1 1 0 0 0]
time:44 0.96 0.54
[1 1 1 1 0 0 0 0 0 0 0 0 1 1 0 0 0 1 0 1 1 1 1 1 0 1 1 0 1 0 1 1 1 0 0 0 0
 1 1 1 1 1 0 1 1 1 1 1 1 1 1 1 1 0 0 1 1 0 0 1 0 1 0 1 0 1 1 0 1 1 1 1 0 0
 1 0 1 0 0 0 1 0 0 1 1 1 0 0 0 0 0 1 0 1 1 1 1 0 0 0]
time:45 0.92 0.47
[0 1 1 0 0 0 1 0 0 0 0 0 1 1 0 0 0 0 1 1 1 0 0 0 0 0 1 1 1 0 0 1 1 1 1 1 1
 0 0 1 1 0 0 1 0 1 0 0 1 1 0 0 1 1 1 1 0 0 0 0 0 0 1 1 0 1 1 1 1 1 1 1 0 1
 0 0 0 0 1 1 1 1 0 1 1 1 1 1 0 0 0 0 1 1 0 0 0 0 0 0]
time:46 0.94 0.53
[1 1 1 1 1 1 1 0 1 1 1 1 1 0 0 0 1 1 0 1 0 0 1 1 1 0 1 1 1 1 1 1 1 1 1 0 0
 1 1 1 1 1 1 0 1 1 0 1 0 0 1 1 1 0 1 0 0 0 0 0 0 0 0 1 1 1 1 0 1 1 1 1 0 1
 1 1 1 1 1 0 1 1 0 1 1 1 1 0 0 0 0 1 1 1 0 0 0 0 0 1]
time:47 0.93 0.51
[0 1 1 0 1 0 0 0 0 0 0 1 1 1 0 0 0 1 0 0 1 0 1 1 1 1 1 1 0 1 1 1 1 1 1 0 1
 0 0 1 0 1 0 1 1 1 0 1 0 1 1 0 1 0 0 0 0 0 0 0 0 0 1 1 1 1 1 0 0 1 1 1 1 0
 1 0 0 1 1 1 0 1 0 1 0 1 1 0 0 0 1 1 1 1 1 1 0 0 0 1]
time:48 0.89 0.47
[1 0 1 1 0 1 0 0 1 0 1 1 0 1 1 0 1 1 1 1 1 0 0 0 0 0 1 1 0 0 0 0 0 0 0 0 1
 1 1 1 1 1 1 0 1 1 1 1 1 1 1 0 1 1 1 1 0 1 0 0 0 1 0 0 0 0 1 1 1 1 0 0 1 1
 0 0 1 0 0 1 1 1 0 0 0 0 1 0 1 1 0 1 0 0 1 0 0 0 1 0]
time:49 0.91 0.52
[0 1 1 1 1 1 0 0 0 0 0 0 1 1 1 0 0 1 0 1 0 0 0 1 0 0 1 1 1 1 1 1 0 0 1 0 0
 0 1 1 1 1 0 1 1 0 0 0 0 0 1 1 0 1 0 0 0 0 0 1 1 1 1 0 0 0 0 0 0 0 0 0 1 1
 0 1 1 0 0 1 1 0 0 1 1 1 0 1 0 0 0 0 0 0 0 1 1 0 0 0]
0.38:1
0.4:4
0.43:3
0.44:2
0.46:10
0.47:3
0.49:7
0.5:9
0.51:2
0.52:2
0.54:4
0.55:1
0.56:2
[38, 55, 46, 56, 49, 46, 40, 49, 49, 50, 43, 52, 43, 40, 50, 46, 50, 40, 49, 54, 46, 54, 50, 49, 49, 46, 44, 54, 49, 40, 47, 50, 50, 47, 43, 56, 46, 47, 51, 46, 50, 44, 50, 46, 54, 46, 52, 50, 46, 51]
47.96 18.3984
