time:0 0.93 0.49
[1 0 0 0 0 1 1 0 0 0 1 1 1 1 1 0 1 1 0 0 0 1 0 1 1 1 0 0 1 0 0 1 1 0 1 0 0
 1 0 0 0 1 0 1 1 0 0 1 1 0 0 0 1 0 0 1 1 0 0 0 0 0 0 1 1 1 1 0 0 0 0 0 0 0
 0 0 1 1 0 1 1 0 1 1 1 0 0 0 0 1 0 1 0 0 0 0 0 0 0 0]
time:1 0.95 0.44
[0 0 0 0 0 0 0 0 1 0 0 0 0 1 0 0 1 1 0 0 0 0 0 0 1 1 1 0 1 0 1 1 1 1 1 0 0
 0 0 0 0 1 0 1 1 1 1 1 1 0 1 1 1 1 1 1 1 0 0 0 0 1 1 1 1 1 0 0 0 0 1 1 0 0
 0 0 1 1 0 0 0 0 0 0 0 1 1 0 0 1 1 1 0 0 0 1 1 1 1 0]
time:2 0.86 0.52
[0 0 0 0 0 0 0 0 1 1 0 1 1 1 0 0 1 1 0 0 1 0 0 0 0 1 1 1 1 1 1 1 1 0 1 0 0
 0 0 1 0 1 0 0 0 1 0 0 0 0 0 0 1 0 1 0 1 0 0 0 0 1 0 1 0 0 0 0 1 0 0 0 1 1
 0 0 1 1 0 0 0 1 0 1 1 0 0 0 0 1 0 1 0 0 0 0 0 0 0 0]
time:3 0.93 0.53
[0 0 0 1 0 0 1 0 1 0 0 1 1 0 1 0 0 1 0 0 1 1 0 0 0 0 1 0 0 1 0 1 0 0 0 1 1
 1 0 1 1 1 1 1 1 1 0 1 0 0 0 1 1 0 0 1 1 0 0 1 0 0 0 0 0 1 1 0 0 0 1 1 1 1
 1 0 0 1 0 1 0 0 0 0 1 0 0 0 0 0 0 0 0 1 1 0 0 0 0 0]
time:4 0.97 0.47
[0 1 0 1 0 1 0 0 1 0 0 0 0 1 0 0 1 0 0 0 1 1 0 0 1 1 1 1 1 1 1 1 0 1 1 0 0
 1 0 0 0 1 0 0 0 1 0 0 0 1 0 0 0 1 1 1 1 0 0 0 0 0 0 1 1 1 1 0 0 0 0 0 1 1
 0 0 0 0 0 0 0 0 0 0 0 0 0 0 0 0 1 1 0 0 0 0 0 0 0 0]
time:5 0.95 0.39
[1 0 0 1 0 1 0 0 0 0 1 1 1 1 0 0 1 1 1 0 1 1 0 0 0 0 1 1 1 1 0 1 0 1 0 0 1
 1 0 0 0 1 0 1 0 1 1 1 1 0 0 0 0 0 0 1 1 0 0 1 0 1 0 1 1 1 1 0 0 0 1 1 0 1
 0 0 0 0 0 1 1 1 1 0 0 0 0 0 0 0 1 1 0 0 0 0 0 0 1 0]
time:6 0.94 0.42
[0 0 0 0 1 0 0 0 0 0 1 0 0 1 0 0 1 1 0 0 1 0 0 0 0 1 1 1 0 1 1 1 1 1 1 0 0
 1 0 1 0 1 1 1 0 1 0 1 0 0 1 1 0 1 1 1 1 0 0 1 0 0 0 1 1 1 1 0 0 0 0 0 0 1
 0 0 1 1 0 1 0 0 0 0 0 0 0 0 0 0 1 1 0 0 1 1 0 0 0 0]
time:7 0.89 0.41
[0 0 0 0 0 0 1 0 1 0 1 0 1 1 0 0 1 1 0 1 1 1 1 0 1 1 1 1 1 1 0 1 1 1 1 0 1
 1 0 1 1 1 1 1 1 1 1 0 1 0 0 0 0 1 1 1 1 0 0 1 0 0 0 0 0 1 0 0 1 0 0 1 1 1
 0 0 1 1 0 1 1 1 0 0 0 0 0 0 0 1 1 1 0 0 0 0 0 0 0 0]
time:8 0.89 0.53
[0 0 0 0 0 0 1 0 0 0 0 0 0 1 0 1 1 1 0 0 1 0 0 1 1 1 1 0 1 0 1 1 1 0 1 0 1
 1 1 1 0 1 0 0 1 1 0 1 0 0 1 0 0 0 1 1 1 0 1 0 0 0 0 0 0 1 1 0 1 0 1 0 0 0
 0 0 0 1 0 1 1 1 1 0 0 0 0 0 0 1 1 1 0 1 1 0 0 0 0 0]
time:9 0.93 0.51
[1 0 0 0 0 0 0 0 0 0 1 1 0 1 0 0 1 1 0 1 1 1 0 0 0 1 1 0 0 1 0 1 0 1 1 1 1
 1 0 1 0 1 1 0 1 1 0 0 1 0 0 0 0 0 1 1 1 1 0 1 0 0 0 0 0 0 0 0 1 0 1 1 0 1
 1 0 1 0 0 0 0 1 0 1 0 1 0 0 0 1 1 1 0 0 0 1 0 0 0 0]
time:10 0.94 0.5
[0 0 0 0 1 1 0 0 1 0 0 1 0 0 0 0 1 1 0 0 1 0 0 0 0 0 1 0 1 1 1 1 1 0 1 1 0
 1 1 1 1 1 1 1 0 1 0 1 0 0 1 0 1 0 1 1 1 0 0 0 0 0 0 0 1 1 1 0 0 0 0 0 0 1
 0 0 1 1 1 0 0 1 0 0 0 0 0 0 0 0 0 1 0 0 1 1 0 1 0 0]
time:11 0.95 0.51
[0 0 0 0 0 0 1 0 1 0 1 0 0 1 1 1 1 1 1 0 1 0 0 0 0 0 0 0 1 1 1 1 1 1 1 0 1
 0 0 1 1 1 1 1 1 0 0 0 0 0 0 0 0 0 0 1 1 0 1 0 0 0 0 0 0 1 0 0 0 0 0 0 0 1
 0 0 1 1 1 1 0 1 0 1 0 1 0 0 0 0 0 1 0 0 0 1 0 0 0 0]
time:12 0.93 0.55
[0 1 0 0 0 1 1 1 1 1 0 1 1 1 0 0 0 0 0 0 1 1 1 0 0 1 1 1 1 1 1 1 1 1 1 0 1
 0 0 0 0 1 0 1 1 1 0 1 1 0 1 0 0 1 0 1 1 0 0 0 0 0 0 0 0 1 1 0 1 0 1 0 1 1
 0 0 0 1 0 0 1 0 0 0 0 0 0 0 0 1 0 1 0 0 0 1 0 0 0 0]
time:13 0.91 0.47
[0 1 0 0 0 0 1 0 0 0 1 1 1 1 1 0 1 1 1 0 1 0 1 1 1 1 1 1 1 1 0 1 1 0 0 0 1
 1 1 1 0 1 0 0 0 1 0 1 0 0 0 1 1 0 1 1 1 0 0 1 0 0 0 0 1 1 1 0 0 0 0 0 0 1
 0 0 0 1 0 1 1 0 0 1 0 0 0 0 0 0 0 1 0 0 0 1 0 0 0 0]
time:14 0.94 0.52
[0 0 0 0 0 0 0 0 1 0 1 0 1 1 0 0 1 1 0 0 0 1 0 1 1 0 1 0 1 0 0 1 0 0 1 0 0
 0 0 1 1 1 1 1 1 1 0 1 0 0 0 0 0 0 0 1 1 0 0 0 0 1 0 0 0 1 1 0 0 0 0 0 1 1
 0 0 0 0 0 1 1 1 0 0 0 0 0 0 0 1 1 1 0 0 0 1 0 0 0 0]
time:15 0.96 0.38
[0 0 0 0 0 0 1 1 0 0 0 0 0 1 0 0 1 0 0 1 1 0 0 0 0 1 1 1 1 1 1 1 1 1 1 0 1
 0 0 0 1 1 1 0 0 1 0 0 1 1 1 0 0 0 1 1 1 0 0 0 0 0 1 1 1 1 1 0 0 0 1 0 1 1
 0 0 0 0 0 1 1 0 1 1 1 1 0 0 0 0 1 1 0 0 0 0 0 0 0 0]
time:16 0.97 0.51
[1 0 0 0 1 1 0 0 1 1 1 1 1 1 0 0 1 1 0 0 0 0 0 0 0 1 1 0 1 1 0 1 1 0 1 0 1
 1 0 1 0 1 1 1 1 1 0 1 1 0 0 0 1 0 1 1 1 1 1 1 1 1 0 1 1 1 1 0 0 0 0 1 0 1
 0 0 0 1 0 0 0 1 0 1 1 0 0 0 0 0 0 1 0 1 0 1 0 1 0 1]
time:17 0.92 0.56
[0 0 0 1 0 1 0 0 1 0 0 0 1 1 0 0 1 1 0 1 1 1 0 0 0 1 1 0 1 0 1 1 1 1 1 0 0
 0 0 0 1 1 0 0 0 1 0 0 0 0 0 0 0 0 0 1 1 0 0 1 0 0 0 1 1 1 1 0 0 0 0 0 1 1
 1 0 0 1 0 0 0 1 0 0 0 0 0 0 0 1 0 1 0 0 0 0 0 0 0 0]
time:18 0.93 0.45
[1 0 0 0 0 1 0 0 1 0 0 1 1 0 0 0 0 1 1 1 1 1 0 1 0 1 1 0 1 0 0 1 0 1 1 1 1
 1 0 1 1 1 1 1 1 0 0 1 0 0 0 1 1 1 1 1 1 0 0 0 0 0 0 1 1 1 0 0 0 0 0 0 0 1
 0 0 1 1 0 0 0 1 0 0 0 0 0 0 0 0 0 1 0 0 0 1 0 0 0 0]
time:19 0.92 0.5
[0 1 1 0 1 0 0 0 1 1 0 0 0 1 0 0 1 1 1 1 1 0 0 0 0 1 1 0 0 1 1 1 1 1 1 1 0
 0 1 1 1 1 1 0 0 1 0 0 1 1 0 0 0 0 0 1 1 1 1 1 0 0 0 0 0 1 0 0 0 0 0 0 0 1
 1 0 0 1 0 1 1 1 0 0 0 0 0 0 0 0 1 1 0 0 1 0 0 0 0 0]
time:20 0.89 0.5
[0 0 0 0 0 0 0 0 1 0 1 1 0 0 0 0 1 1 1 0 1 1 1 1 1 1 0 1 1 1 1 1 1 1 1 0 1
 1 0 1 1 1 1 1 1 1 0 1 0 0 0 0 1 0 1 1 1 0 0 0 0 1 0 1 0 1 0 0 1 0 1 1 0 1
 0 1 1 1 0 0 0 1 0 0 1 0 1 0 0 1 0 1 0 0 1 1 1 1 0 0]
time:21 0.92 0.49
[0 0 0 1 0 1 1 0 1 1 1 0 1 1 1 0 1 1 0 1 0 1 0 0 1 1 1 0 0 0 0 0 1 1 1 0 1
 0 1 0 1 1 1 1 1 1 1 1 1 0 1 0 0 1 1 1 1 0 1 1 0 0 0 1 1 1 1 0 0 0 1 1 0 1
 0 0 1 0 1 1 1 1 0 1 0 0 1 0 0 0 0 0 1 0 1 1 0 0 0 0]
time:22 0.93 0.5
[0 0 0 0 0 0 1 1 1 0 1 0 1 1 1 0 1 1 0 0 1 0 0 1 1 1 1 1 1 0 0 0 0 0 1 0 0
 1 0 0 1 1 0 1 1 0 0 1 0 0 0 0 1 0 0 1 1 0 0 0 0 1 0 0 1 1 1 0 1 0 0 0 0 1
 0 0 0 0 1 0 1 0 0 0 0 0 0 0 0 0 0 1 0 0 0 0 0 0 0 0]
time:23 0.96 0.49
[1 1 1 0 0 0 1 0 0 1 0 0 1 1 1 0 0 0 0 0 0 0 1 0 0 0 1 0 0 1 1 1 0 1 1 0 1
 0 1 0 0 0 1 1 1 1 0 1 0 1 0 1 1 1 1 1 1 0 1 1 0 1 0 1 0 1 1 0 0 0 1 0 0 1
 0 1 1 1 0 1 0 0 1 0 1 0 0 0 0 1 1 1 0 0 0 1 0 0 0 1]
time:24 0.95 0.5
[0 0 0 0 0 0 1 1 0 1 1 1 1 1 1 1 0 1 0 0 0 1 0 0 0 1 1 0 1 1 0 1 1 1 1 0 1
 0 0 0 0 1 1 1 0 1 0 1 1 0 1 1 0 0 1 1 1 0 0 0 0 0 0 0 1 1 1 0 0 0 0 1 0 1
 0 0 0 1 0 0 0 1 0 0 0 0 0 0 0 0 0 1 0 0 0 1 1 0 0 0]
time:25 0.94 0.49
[1 0 0 1 0 0 0 0 0 1 1 0 0 1 0 0 1 1 0 0 1 0 0 0 0 1 1 1 1 0 1 1 1 0 1 0 1
 1 0 0 0 1 1 0 1 1 0 0 1 0 0 0 0 0 1 1 1 0 1 0 0 0 0 1 1 1 1 0 1 0 1 1 0 1
 0 0 0 1 0 0 0 1 0 0 0 0 0 0 0 0 0 1 0 0 0 0 0 0 0 0]
time:26 0.97 0.54
[0 0 0 0 0 0 0 0 1 1 1 1 1 1 0 0 0 1 1 1 1 1 0 0 0 0 1 1 1 0 0 0 0 0 1 0 0
 0 0 0 1 1 0 0 0 0 0 1 0 0 1 1 0 1 1 1 1 0 1 1 0 1 0 0 1 1 1 0 0 1 0 0 0 1
 1 0 0 1 0 0 1 0 0 0 0 0 0 0 0 0 1 1 0 0 0 1 0 0 1 0]
time:27 0.98 0.47
[1 0 0 0 1 0 0 0 0 0 0 0 1 1 1 0 1 1 1 0 1 1 1 0 1 1 1 1 1 0 1 1 1 1 1 1 1
 1 1 1 1 1 0 1 1 1 0 1 0 0 0 0 0 0 1 1 1 0 1 1 0 1 1 1 0 0 1 0 0 0 0 0 1 1
 0 0 0 1 0 1 1 1 0 0 0 0 0 0 0 1 0 1 0 1 0 0 0 0 0 0]
time:28 0.94 0.44
[0 0 0 0 0 1 1 0 1 0 1 1 0 1 0 0 1 1 1 1 1 1 1 0 0 1 1 1 1 1 0 1 1 0 0 1 0
 1 0 1 1 1 1 1 0 1 1 0 0 1 0 0 1 0 0 1 1 0 0 1 1 0 0 1 1 1 0 0 0 0 0 0 0 0
 0 0 0 0 0 1 0 0 0 1 1 0 0 0 0 1 1 1 0 1 0 0 0 0 0 0]
time:29 0.89 0.48
[0 1 0 0 1 0 1 0 1 0 0 0 0 1 0 1 1 0 0 0 0 1 0 0 1 0 1 0 1 1 0 1 0 0 1 1 1
 1 0 1 0 1 0 0 1 1 0 1 1 1 1 0 1 1 1 1 1 1 0 0 0 1 0 1 1 1 0 0 1 0 1 0 1 1
 0 0 0 1 0 1 0 0 0 0 0 1 0 0 0 0 1 1 0 0 0 1 0 1 1 0]
time:30 0.94 0.47
[1 0 0 0 0 1 0 0 0 0 1 1 0 1 0 1 1 1 0 0 0 0 0 0 0 0 1 1 1 1 1 1 0 0 1 1 1
 1 1 1 1 1 0 1 1 1 1 1 0 0 0 0 0 0 0 0 1 0 1 0 0 0 0 1 0 1 1 0 0 0 0 1 0 1
 0 0 1 0 0 1 1 1 0 1 0 0 0 0 0 0 1 1 1 0 0 1 1 0 0 0]
time:31 0.93 0.52
[0 0 0 1 0 0 0 0 1 1 0 0 1 1 1 0 1 1 0 1 1 1 0 0 0 1 0 0 1 1 1 1 1 1 1 0 0
 1 0 0 0 1 0 0 1 1 1 0 1 0 1 1 1 1 0 1 1 0 0 0 0 1 0 1 1 1 1 0 0 0 0 0 0 1
 1 0 0 0 0 1 0 1 0 0 0 0 0 0 0 1 0 1 0 0 0 0 1 0 0 0]
time:32 0.93 0.59
[0 1 0 0 0 1 1 0 1 0 0 0 1 1 1 1 1 1 0 0 0 1 0 0 0 1 0 1 1 0 0 1 1 1 1 0 1
 1 0 0 0 1 0 1 1 1 0 1 1 0 0 1 1 0 1 1 1 0 1 0 1 0 0 0 0 1 1 0 0 0 0 0 0 1
 0 0 0 1 0 0 0 1 0 1 1 0 1 0 0 0 1 1 0 1 1 1 1 0 1 0]
time:33 0.97 0.51
[1 0 0 0 0 0 0 0 0 0 0 0 1 1 1 0 1 1 1 0 0 0 0 1 1 1 1 1 0 1 0 1 1 0 1 1 1
 1 1 0 0 1 0 0 1 1 0 1 0 0 0 1 1 1 1 1 1 0 1 0 0 0 1 1 0 0 0 0 0 0 0 0 0 1
 1 1 1 1 0 0 0 0 0 0 1 1 1 1 1 1 1 1 1 0 0 1 0 0 0 0]
time:34 0.87 0.46
[0 0 0 0 0 1 0 0 0 0 1 1 1 0 0 0 0 1 0 1 1 0 0 1 0 1 1 0 1 1 1 1 1 1 0 0 1
 1 1 1 1 1 0 1 1 1 0 1 0 0 0 0 0 1 1 1 1 0 0 0 0 1 0 0 1 1 1 0 1 0 1 0 0 1
 0 0 1 1 0 0 0 1 0 0 0 0 0 0 0 1 1 1 1 0 1 1 0 1 0 0]
time:35 0.88 0.46
[0 0 0 0 0 0 0 0 0 0 1 1 1 1 0 0 1 1 1 1 1 0 0 0 1 0 0 1 1 0 0 1 1 0 1 0 1
 0 0 1 1 1 1 1 1 1 1 1 0 1 0 1 0 0 1 1 1 0 0 0 0 0 0 1 0 1 1 0 0 0 0 1 0 1
 1 0 0 1 1 0 0 1 0 0 0 0 0 0 0 0 0 1 0 0 1 1 0 1 0 0]
time:36 0.93 0.53
[0 1 0 0 0 0 0 0 1 0 1 1 1 1 0 0 1 1 1 1 1 1 0 1 1 1 1 1 1 1 1 1 1 1 1 0 0
 0 0 0 0 1 1 1 1 1 0 1 1 0 0 0 0 1 0 0 1 0 0 1 0 1 0 0 0 1 1 0 0 0 1 1 0 1
 0 0 0 1 0 0 1 1 0 1 0 1 1 0 0 0 1 1 0 1 0 1 1 1 0 0]
time:37 0.93 0.53
[0 0 0 0 0 1 1 0 1 1 1 1 1 1 1 0 1 1 0 0 0 1 0 0 1 0 1 1 0 1 0 1 1 0 1 0 1
 1 0 0 0 1 1 0 1 1 0 1 1 1 1 0 0 0 0 1 1 0 1 1 0 1 0 0 0 1 0 0 0 0 0 0 0 1
 0 0 0 1 1 0 1 1 0 0 0 0 0 0 0 0 0 1 0 0 0 0 0 0 0 1]
time:38 0.95 0.53
[0 0 0 0 0 0 0 0 1 1 1 1 1 1 0 0 1 0 0 0 0 1 0 0 0 0 1 1 1 0 0 0 1 0 1 1 1
 0 0 0 0 1 0 0 0 1 1 1 1 0 0 0 0 0 1 1 1 0 0 0 0 0 0 0 1 1 0 0 1 0 1 0 0 1
 0 1 0 0 0 0 0 0 0 0 0 0 0 0 0 1 1 1 0 0 0 1 1 0 0 0]
time:39 0.92 0.53
[1 1 0 0 0 1 0 0 0 1 0 0 1 1 1 1 1 1 1 1 1 1 1 0 0 1 1 1 1 0 1 1 1 0 1 1 1
 0 1 0 1 1 0 0 0 1 0 1 0 0 1 0 1 0 0 1 1 0 0 0 1 0 0 0 1 1 1 0 0 1 0 0 0 1
 0 0 0 1 0 1 1 1 0 0 0 1 0 0 0 1 0 0 0 0 0 0 0 0 0 0]
time:40 0.91 0.6
[0 0 0 0 0 1 1 0 1 1 1 0 1 1 1 0 1 1 1 0 1 0 0 0 0 0 0 0 1 0 0 1 1 1 1 0 0
 1 0 0 0 1 1 0 1 1 0 1 0 0 1 0 0 1 0 1 1 0 1 1 0 0 0 1 0 0 0 0 0 0 0 1 1 1
 0 0 0 1 0 0 1 1 0 0 0 0 1 0 0 1 1 1 0 0 0 0 1 0 0 0]
time:41 0.94 0.49
[0 1 0 0 1 1 0 1 1 1 0 0 0 1 1 0 1 1 1 0 0 1 1 1 1 1 1 1 1 0 1 1 1 1 1 0 1
 1 1 0 1 1 1 0 1 1 0 0 0 0 1 0 1 1 1 1 1 1 0 0 0 0 0 0 1 1 1 0 0 0 1 0 0 1
 0 0 0 0 1 0 0 0 0 1 0 0 0 0 0 1 0 1 0 0 0 0 0 0 0 0]
time:42 0.9 0.51
[0 0 0 1 0 1 0 0 1 1 1 0 1 1 0 0 1 1 0 1 0 1 0 0 1 1 1 1 1 0 1 1 0 1 1 0 0
 0 1 1 1 1 0 0 1 1 0 0 1 0 0 0 0 0 1 1 1 0 0 0 0 0 0 0 1 1 0 0 0 0 0 0 0 1
 0 0 0 1 0 0 0 0 0 1 0 0 0 0 0 0 1 1 1 0 0 1 1 1 1 0]
time:43 0.93 0.48
[0 1 0 0 0 1 1 1 1 1 1 0 0 1 1 1 0 1 0 1 1 1 0 0 1 1 1 1 1 1 1 1 1 1 1 1 1
 0 0 0 1 1 1 1 1 1 0 0 1 1 0 0 0 1 1 1 1 0 0 0 1 0 1 0 0 1 0 0 0 0 0 1 0 1
 0 0 0 1 0 1 1 1 0 0 0 0 1 0 0 1 0 1 0 0 0 1 1 0 0 0]
time:44 0.98 0.5
[1 1 0 0 0 0 0 0 0 1 1 0 1 1 1 0 1 0 0 0 1 0 0 1 1 1 0 0 0 1 0 1 0 0 0 0 0
 1 0 1 1 1 0 0 0 0 0 1 0 0 0 0 0 0 0 1 1 0 0 0 0 0 1 1 0 1 1 0 0 0 0 0 0 1
 1 0 0 1 0 1 1 1 0 1 0 0 0 0 0 0 0 1 0 0 0 0 0 0 0 0]
time:45 0.94 0.47
[0 0 0 0 1 0 0 0 0 0 1 0 0 1 0 0 0 1 0 1 1 1 0 1 1 1 0 1 1 0 0 1 1 1 1 0 0
 1 0 1 1 1 1 1 1 1 1 1 0 0 0 0 1 1 1 1 1 0 0 1 0 0 0 0 1 1 1 0 1 1 1 1 0 1
 0 0 1 1 0 1 0 0 0 0 1 0 1 0 0 0 1 1 1 0 0 0 0 0 0 0]
time:46 0.94 0.45
[0 0 0 0 0 0 1 1 0 1 0 1 1 1 0 0 1 1 0 0 1 0 0 1 1 1 1 1 1 1 1 1 1 1 1 0 1
 1 0 0 1 1 0 1 1 1 0 0 0 1 0 1 1 1 1 1 1 0 1 0 0 0 0 0 0 1 1 0 1 0 0 1 1 1
 0 0 1 0 0 0 1 1 1 1 1 0 0 0 0 0 1 1 0 0 1 1 1 1 0 0]
time:47 0.9 0.47
[0 0 0 0 0 0 0 0 1 1 1 1 0 1 1 1 1 1 1 0 0 1 0 0 0 1 1 1 0 1 1 1 1 1 1 0 0
 0 0 1 1 1 1 0 0 1 0 0 1 1 1 0 0 0 0 1 1 0 0 0 0 0 0 1 0 1 0 0 0 0 0 0 0 1
 1 0 1 1 1 1 1 1 0 1 0 0 0 0 0 1 1 1 1 1 0 1 1 1 1 0]
time:48 0.92 0.49
[0 0 0 0 0 0 0 0 1 0 0 0 0 1 1 0 1 1 1 1 1 1 1 0 0 1 1 0 1 0 1 1 0 1 1 0 1
 1 1 0 0 1 0 1 0 1 0 1 0 0 0 1 0 1 1 1 1 0 0 0 0 0 0 1 0 0 0 0 0 1 1 1 0 1
 0 0 1 1 1 1 0 1 0 0 1 0 0 0 0 0 0 1 0 0 1 0 0 0 0 0]
time:49 0.97 0.56
[0 0 0 0 0 0 1 0 1 1 0 0 1 1 0 0 1 1 0 0 0 1 0 1 1 0 0 1 1 0 1 1 1 1 1 0 1
 0 0 0 1 1 1 1 1 1 0 0 0 1 1 0 1 1 0 1 1 1 0 1 0 0 0 1 1 1 1 0 1 0 1 1 0 1
 1 0 1 1 0 0 1 1 0 1 0 0 0 0 0 0 1 1 1 0 1 1 1 0 0 1]
0.37:1
0.38:1
0.4:1
0.41:1
0.43:2
0.44:2
0.46:8
0.47:2
0.49:6
0.5:11
0.51:3
0.52:6
0.54:1
0.55:1
0.56:2
0.58:1
0.6:1
