time:0 0.96 0.39
[1 1 0 0 0 0 0 1 1 0 1 1 1 1 1 0 1 1 1 1 0 0 0 0 0 0 1 0 0 1 1 1 1 0 1 0 1
 1 1 0 0 1 1 0 1 1 1 0 1 0 0 1 0 1 1 1 0 0 0 1 0 0 1 1 1 0 1 1 1 0 1 1 1 0
 0 0 1 0 1 0 0 0 0 1 1 1 1 1 1 1 1 0 0 1 0 0 1 0 0 0]
time:1 0.87 0.45
[0 0 0 0 0 0 0 0 0 0 1 1 1 1 0 1 0 1 0 0 0 0 1 1 0 1 1 0 0 1 1 1 0 1 0 0 1
 0 1 1 0 1 0 0 1 1 0 0 0 0 0 0 0 1 1 1 1 0 0 0 1 0 0 0 0 1 1 1 1 1 1 1 1 0
 0 0 1 1 0 0 0 1 1 0 0 0 0 0 0 0 0 0 0 0 1 0 0 1 0 1]
time:2 0.68 0.44
[0 0 0 1 0 1 0 1 1 1 1 1 1 1 0 0 1 1 0 0 1 0 0 0 1 1 1 1 1 1 0 0 1 1 1 0 1
 1 1 1 0 1 0 1 1 0 0 1 1 0 0 0 0 1 0 0 0 0 0 1 1 1 1 0 0 1 0 1 1 1 1 0 0 1
 1 1 1 0 1 0 1 0 0 0 0 0 0 1 1 0 1 1 0 0 0 1 0 0 1 1]
time:3 0.88 0.57
[1 1 1 1 0 1 1 1 0 1 1 0 0 0 0 1 0 1 0 0 1 1 0 1 1 1 1 1 1 1 1 0 0 1 1 0 0
 0 1 0 1 0 0 1 1 1 0 0 0 0 0 0 0 0 0 0 1 0 0 1 0 1 0 0 1 1 1 1 0 1 1 0 1 1
 0 1 1 0 1 0 0 1 0 0 1 1 0 0 1 1 0 0 0 1 0 0 0 1 0 1]
time:4 0.9 0.47
[1 0 1 1 1 1 0 0 1 0 1 0 0 0 0 0 1 1 1 0 1 0 0 1 1 1 0 1 1 0 1 1 1 1 1 0 0
 0 1 1 1 0 0 0 1 0 1 1 0 1 0 0 0 0 1 1 0 0 1 0 0 1 1 1 0 1 1 1 0 0 1 1 0 1
 1 0 1 1 0 0 0 1 0 1 0 0 0 0 0 1 0 0 0 0 1 0 0 1 1 1]
time:5 0.79 0.5
[1 1 0 0 1 1 1 1 0 1 1 1 0 0 0 1 0 0 1 1 0 0 0 0 0 0 0 0 1 1 1 1 0 0 1 1 0
 0 0 0 1 1 0 0 1 0 0 1 1 1 0 0 1 1 1 1 0 0 0 0 0 1 0 0 0 1 1 0 0 0 0 0 1 0
 0 1 1 0 0 0 1 1 0 1 1 1 0 1 0 1 0 0 1 1 0 1 1 0 0 0]
time:6 0.55 0.49
[0 1 0 0 0 0 0 0 0 1 0 0 1 1 0 0 1 1 0 0 1 0 0 0 1 1 0 0 0 0 0 1 1 1 1 0 0
 0 1 1 1 0 0 0 0 0 0 0 0 0 0 0 0 0 0 0 0 0 0 1 1 0 0 0 1 1 1 0 0 1 1 1 0 1
 0 0 1 1 1 1 0 1 1 1 1 0 0 1 1 1 0 1 0 0 0 1 0 0 0 0]
time:7 0.53 0.53
[0 1 0 0 0 1 1 0 0 0 1 1 1 1 0 0 1 1 0 0 0 0 1 0 1 0 0 0 0 0 0 1 0 0 0 0 0
 0 0 0 0 1 0 0 0 0 0 0 0 0 0 0 0 0 0 0 0 0 0 0 0 0 0 0 0 1 0 0 0 1 1 0 0 0
 0 0 0 0 0 0 0 0 0 0 0 0 0 0 1 0 0 0 0 0 0 1 1 1 0 0]
time:8 0.97 0.57
[0 0 1 1 0 1 1 0 1 1 0 1 1 1 0 0 0 1 0 1 1 0 0 1 1 0 0 0 0 0 1 1 1 1 1 0 0
 0 1 0 0 0 1 1 1 0 0 1 0 1 1 0 0 1 1 1 1 1 0 0 1 1 1 1 0 1 1 0 1 1 0 1 1 1
 0 0 0 1 0 0 1 1 0 1 0 0 1 1 1 1 0 1 1 0 0 1 1 1 1 0]
time:9 0.97 0.47
[0 0 0 1 1 0 0 0 1 1 1 1 0 0 0 1 1 0 0 1 0 0 1 1 1 0 1 0 1 1 0 1 1 1 1 0 0
 0 0 0 1 1 0 0 0 1 0 0 1 1 0 0 1 1 1 0 1 0 0 1 1 1 0 0 1 1 1 0 1 0 1 0 1 1
 1 0 1 0 0 0 0 1 1 1 0 1 0 1 1 1 0 0 1 0 0 0 0 1 0 1]
time:10 0.77 0.54
[0 1 1 0 1 1 0 0 0 1 0 1 1 1 0 1 0 0 0 1 0 1 1 1 1 1 0 0 0 0 0 1 1 1 1 1 0
 1 0 0 1 1 0 1 1 0 1 1 1 0 0 0 1 0 0 0 0 0 0 1 1 1 1 0 0 0 1 0 0 0 1 1 1 0
 0 0 0 1 1 0 0 1 0 1 0 0 0 0 0 0 0 1 1 1 1 1 1 1 0 1]
time:11 0.92 0.5
[0 1 1 0 0 1 1 0 1 0 1 1 1 1 0 0 1 1 1 1 1 0 1 1 1 0 0 1 1 1 0 1 1 1 1 0 1
 0 1 0 1 1 0 1 1 1 0 1 0 1 1 0 0 0 1 1 1 0 0 0 0 1 1 1 1 1 1 0 0 0 0 1 1 1
 0 1 0 0 0 0 0 1 1 1 0 0 0 1 1 1 0 0 0 0 0 1 1 0 0 0]
time:12 0.95 0.46
[0 0 1 1 1 1 0 1 1 1 1 1 1 1 0 1 1 1 0 1 0 0 0 0 1 1 0 1 1 1 1 1 0 1 1 0 0
 1 1 1 1 0 0 0 1 0 0 0 0 0 0 1 0 0 1 1 1 0 0 0 1 1 1 0 1 0 1 0 1 0 1 1 0 1
 0 1 0 0 0 0 0 1 1 1 1 1 1 0 1 1 0 0 1 1 1 1 0 0 0 0]
time:13 0.64 0.5
[0 0 0 1 0 1 0 0 0 0 1 1 1 1 0 1 0 1 1 0 0 0 0 0 1 1 1 0 0 0 0 0 1 1 1 0 0
 0 0 1 1 1 0 0 1 1 0 0 0 1 0 0 0 0 0 0 0 0 0 1 1 0 0 0 0 0 0 1 0 0 1 0 1 0
 0 0 1 1 0 0 0 0 0 0 1 0 0 1 0 0 0 1 0 0 0 1 1 0 0 0]
time:14 0.53 0.44
[0 1 0 0 0 1 0 0 1 0 0 1 1 1 0 0 1 1 1 1 1 0 0 0 0 1 1 1 1 0 0 0 0 0 0 0 0
 0 1 1 0 0 0 0 0 0 0 0 0 1 0 0 0 0 0 0 0 0 0 0 0 0 1 1 1 1 0 0 0 0 1 1 0 1
 0 0 1 1 0 1 1 1 0 0 0 0 0 0 1 1 0 1 0 0 1 0 0 1 1 1]
time:15 0.87 0.56
[1 1 0 1 1 1 0 0 0 1 1 1 1 1 1 0 1 1 0 0 0 1 1 1 0 1 0 0 1 1 1 1 1 1 1 0 1
 0 1 1 0 1 0 0 1 1 0 1 0 0 0 1 0 1 1 1 1 0 0 1 0 1 1 0 0 0 1 1 0 1 0 1 0 0
 0 1 1 1 0 0 1 1 0 0 1 1 1 1 1 1 0 0 0 0 0 0 0 0 0 1]
time:16 0.49 0.54
[0 1 0 0 0 1 0 0 1 0 1 1 1 1 0 0 1 1 0 1 1 0 0 0 0 1 1 1 1 0 1 0 1 1 1 0 0
 1 0 0 0 0 0 0 1 0 0 1 0 0 1 0 0 0 0 0 1 0 0 0 0 1 1 0 0 0 0 0 0 0 0 1 1 1
 0 0 0 1 0 0 1 1 0 1 0 0 0 0 0 1 0 1 0 0 0 0 1 0 0 1]
time:17 0.65 0.46
[1 1 0 0 0 0 0 0 0 0 1 1 1 1 0 0 1 0 1 0 0 0 0 1 0 0 0 1 0 0 1 0 1 1 0 0 0
 1 0 1 0 0 0 0 0 0 0 0 0 0 0 0 0 0 1 0 0 0 0 0 0 0 0 0 0 1 0 1 0 0 0 1 0 0
 0 0 1 1 0 0 0 0 0 0 0 0 1 1 1 1 0 1 1 0 0 1 0 0 0 1]
time:18 0.81 0.51
[1 0 0 1 0 1 0 1 1 1 1 0 0 1 1 1 1 1 0 0 1 0 0 1 1 1 1 0 0 1 1 1 1 1 1 0 0
 1 0 1 1 0 0 0 1 1 1 1 1 1 1 0 0 0 1 1 1 0 0 1 1 1 1 1 0 0 1 1 0 1 1 0 0 1
 0 1 1 1 0 0 0 0 1 1 1 0 1 1 1 0 0 0 0 1 0 1 1 0 0 0]
time:19 0.87 0.44
[0 0 0 0 0 0 0 1 1 1 1 1 1 1 1 0 0 0 0 0 1 0 1 0 1 1 0 1 0 0 1 1 0 1 1 0 1
 1 0 0 1 0 0 0 1 1 1 1 1 1 0 1 1 1 0 1 1 1 0 0 1 1 0 0 1 0 1 0 0 0 0 0 1 0
 0 0 0 1 1 0 0 0 0 0 1 0 0 0 0 1 0 1 0 0 0 0 0 0 0 1]
time:20 0.96 0.52
[0 0 0 0 1 1 0 1 1 1 0 0 0 1 0 1 1 0 0 0 1 0 1 1 1 0 1 0 0 1 1 1 1 0 0 1 1
 1 0 0 1 1 0 0 0 0 1 1 1 0 0 0 0 0 1 1 1 0 0 1 1 1 1 0 0 1 1 0 0 0 1 0 0 1
 0 1 1 0 0 1 0 1 0 1 1 1 0 1 0 0 0 1 0 0 1 1 1 0 0 1]
time:21 0.99 0.5
[1 1 0 1 0 0 0 1 1 0 1 0 1 1 1 0 1 1 0 0 1 0 0 0 1 1 0 0 1 0 1 1 1 1 1 1 1
 1 1 0 1 0 0 1 1 1 0 1 1 1 1 1 0 1 1 1 1 0 0 1 1 0 1 0 1 1 0 0 0 1 1 1 1 0
 1 1 0 1 0 1 1 1 0 1 1 1 1 1 0 0 0 1 1 1 0 0 1 0 0 0]
time:22 0.96 0.57
[0 1 0 0 1 1 1 1 1 0 1 1 1 1 0 0 0 1 1 0 1 1 0 0 0 1 0 0 0 0 1 1 1 1 1 0 0
 0 0 0 0 1 0 1 1 0 0 1 0 0 0 0 0 0 0 0 1 0 0 0 0 0 0 0 0 0 1 1 1 1 1 1 0 0
 0 0 0 0 1 0 1 1 0 0 0 0 1 1 1 1 1 1 0 0 0 1 0 0 0 1]
time:23 0.99 0.5
[1 1 0 1 0 1 0 0 1 1 1 0 0 0 1 0 0 0 0 1 0 0 0 1 1 1 1 0 0 1 0 0 0 1 1 1 0
 1 1 0 1 1 1 1 1 1 1 1 1 0 1 1 1 1 0 0 1 0 0 1 1 1 1 1 1 0 0 0 0 0 0 1 1 1
 0 1 1 1 0 1 1 1 0 1 0 1 0 1 0 1 0 0 1 1 1 0 0 0 0 0]
time:24 0.76 0.51
[0 0 0 0 0 1 0 0 0 1 0 1 1 1 0 0 0 1 0 0 1 0 0 0 1 0 0 0 0 0 0 1 0 1 1 0 0
 0 0 0 1 1 0 1 0 0 0 0 0 0 0 0 0 0 0 1 0 0 0 1 1 0 0 0 0 0 1 1 0 1 1 0 0 1
 0 0 0 0 0 1 1 0 0 0 0 0 0 0 1 1 0 0 0 0 0 0 0 0 0 0]
time:25 0.88 0.48
[0 0 0 1 0 1 0 1 1 0 1 0 0 1 0 0 0 0 0 0 0 0 1 1 1 1 0 0 1 0 1 1 1 1 1 0 0
 1 1 1 0 1 0 1 1 0 0 1 0 0 0 1 0 1 1 1 0 1 0 0 1 1 0 1 1 1 0 1 1 0 0 0 1 1
 0 0 0 0 0 1 0 1 0 1 0 0 1 0 0 0 0 0 0 0 0 1 1 1 1 0]
time:26 0.95 0.45
[0 0 0 0 0 1 1 1 1 1 1 1 0 1 1 1 0 0 0 0 0 0 0 0 1 1 0 1 0 1 1 0 1 1 0 0 0
 1 1 1 1 1 0 0 1 1 0 1 0 1 1 0 1 1 1 1 1 0 0 1 1 0 1 0 0 0 0 0 0 0 1 1 1 1
 0 0 0 1 0 1 0 0 0 1 0 0 0 1 1 1 0 0 0 1 0 0 1 1 0 0]
time:27 0.95 0.55
[1 0 0 0 0 1 0 0 0 1 1 1 0 1 0 0 1 1 1 0 1 0 0 0 1 0 0 0 1 0 0 1 0 1 1 0 0
 1 0 0 0 1 1 0 1 0 1 1 1 1 1 1 1 1 0 0 1 1 1 0 1 0 1 0 0 1 1 1 0 0 0 1 1 1
 0 0 1 1 0 0 1 1 0 0 1 1 1 0 1 0 0 1 1 0 1 1 0 1 0 1]
time:28 0.67 0.43
[0 0 0 0 0 0 0 0 0 0 0 0 1 1 0 0 0 1 0 0 0 0 0 1 1 0 0 0 0 1 1 1 1 1 1 0 0
 1 1 1 1 1 0 0 1 0 0 1 1 1 0 0 1 0 1 1 1 0 0 0 1 1 1 0 0 0 0 0 0 1 1 0 0 0
 0 1 1 0 0 0 0 1 0 1 0 0 0 1 0 0 0 0 0 0 0 0 0 0 0 0]
time:29 0.52 0.51
[0 0 0 0 0 0 0 0 0 0 0 0 0 0 0 0 0 0 0 0 0 0 0 0 0 0 0 0 0 0 0 0 0 0 0 0 0
 0 0 0 0 0 0 0 0 0 0 0 0 0 0 0 0 0 0 0 0 0 0 0 0 0 0 0 0 0 0 0 0 0 0 0 0 0
 0 0 0 0 0 0 0 0 0 0 0 0 0 0 0 0 0 0 0 0 0 0 0 0 0 0]
time:30 0.73 0.5
[0 1 0 0 0 1 0 0 0 1 1 1 0 1 0 0 1 1 1 1 1 0 0 0 1 0 0 0 0 0 1 0 0 0 1 0 0
 1 0 1 0 1 0 1 0 0 0 0 0 0 1 1 0 0 1 0 1 0 0 1 1 1 0 1 0 0 1 0 0 0 1 1 1 0
 1 1 0 0 1 0 0 1 0 1 1 0 0 1 1 0 0 1 0 0 0 0 0 0 0 0]
time:31 0.84 0.44
[0 1 0 1 0 1 0 1 0 1 1 1 1 0 1 0 1 0 1 0 1 0 1 1 1 1 1 0 1 1 1 1 0 1 1 0 1
 1 1 0 1 1 0 0 0 1 1 0 1 0 0 1 0 1 1 1 0 1 1 1 0 1 0 0 0 1 1 1 0 0 1 1 1 1
 0 1 1 0 0 0 0 0 0 0 1 0 0 0 0 1 0 0 0 0 0 1 0 0 1 1]
time:32 0.98 0.52
[0 1 0 1 0 1 0 0 1 1 0 0 0 1 0 0 1 0 1 1 1 0 1 1 1 1 1 1 0 0 0 0 0 1 1 0 0
 1 0 0 0 0 0 1 1 0 0 1 0 0 0 0 0 1 0 0 0 0 1 0 1 1 1 0 0 0 1 1 0 0 0 1 1 1
 0 0 1 1 1 1 1 1 0 0 0 0 0 0 0 0 1 0 1 1 1 0 0 1 0 0]
time:33 0.66 0.56
[0 1 0 0 0 1 0 0 1 1 0 1 0 0 1 1 1 0 0 1 1 0 1 0 1 0 0 0 1 1 0 0 1 1 1 0 0
 1 0 0 1 0 1 0 1 0 0 1 1 1 1 0 0 0 0 1 0 1 0 1 0 0 0 1 0 0 1 0 0 0 0 1 0 0
 0 1 0 1 1 1 0 0 0 1 0 0 0 1 0 1 0 1 0 1 0 1 0 0 0 0]
time:34 0.98 0.47
[0 1 1 1 1 1 0 0 0 1 1 1 1 1 0 0 1 1 1 1 1 0 0 0 1 1 0 0 1 0 0 0 1 0 1 0 0
 0 0 1 0 1 0 1 1 0 0 1 1 1 1 0 0 1 1 1 1 0 0 0 1 1 1 1 1 1 1 0 0 0 0 0 1 0
 0 1 0 1 1 1 1 1 0 1 1 0 0 0 0 0 1 1 0 0 0 1 1 0 0 0]
time:35 0.88 0.47
[0 0 1 0 0 1 1 1 1 1 1 1 1 0 1 1 0 0 0 0 0 1 1 0 1 0 0 1 0 0 1 1 1 1 1 1 1
 1 1 1 1 1 1 0 1 1 0 0 0 0 0 1 0 1 1 1 1 0 1 0 0 1 1 1 1 1 0 1 0 0 1 0 1 1
 0 0 1 1 0 1 1 1 0 0 1 0 0 1 0 1 1 1 1 1 1 1 1 0 0 0]
time:36 0.93 0.52
[1 1 0 0 0 0 0 0 0 1 0 0 0 1 1 0 1 0 0 1 0 0 0 1 0 1 0 0 0 1 1 1 1 1 0 0 0
 1 1 0 0 0 1 1 1 0 0 1 0 1 1 0 1 0 1 1 1 0 0 1 1 0 1 0 0 1 1 1 1 1 0 0 1 0
 0 0 0 1 0 0 0 1 0 1 0 0 0 0 0 1 1 1 0 1 1 1 1 0 0 0]
time:37 0.86 0.5
[0 0 0 0 0 0 0 0 0 0 1 1 1 0 0 0 1 1 0 1 1 1 1 1 1 0 0 0 0 0 1 1 1 1 1 0 0
 0 0 0 0 0 1 1 0 1 0 0 0 0 1 1 0 1 0 0 1 0 0 0 1 1 0 1 1 1 1 1 0 1 0 1 0 1
 1 0 1 0 0 0 0 1 0 1 1 0 0 1 1 1 1 0 1 1 0 1 0 0 1 1]
time:38 0.77 0.53
[0 1 0 1 0 1 0 0 0 0 1 1 0 1 0 0 0 1 0 0 0 0 1 1 1 1 1 1 1 0 0 1 1 1 1 0 0
 1 1 0 0 1 0 1 1 0 0 1 0 1 0 0 0 1 1 0 0 1 1 1 1 1 0 1 1 0 1 0 0 1 1 0 0 1
 0 0 1 1 1 1 0 1 0 1 1 1 0 0 1 0 1 1 0 0 1 1 1 0 0 0]
time:39 0.91 0.47
[1 1 1 1 1 1 1 0 0 0 1 1 1 0 0 1 1 0 0 0 0 0 1 0 1 1 1 0 0 0 1 0 1 0 1 0 0
 0 0 0 1 1 0 1 1 0 1 1 0 1 1 1 0 1 0 0 1 1 0 0 0 0 0 1 1 1 0 1 0 1 0 1 1 0
 0 0 0 0 1 1 1 1 0 1 1 0 0 0 0 1 0 0 0 0 0 1 0 1 0 1]
time:40 0.92 0.52
[0 1 1 0 1 1 1 0 1 0 1 1 1 0 0 0 0 1 0 0 1 0 0 1 1 0 0 1 1 1 1 0 1 0 1 0 0
 1 1 0 0 1 0 1 0 0 0 1 1 0 0 1 0 0 1 0 1 1 0 1 1 0 1 1 0 1 0 1 0 1 0 0 0 0
 0 0 0 1 1 1 1 1 0 1 0 0 0 1 1 1 1 0 0 1 0 1 0 0 0 1]
time:41 0.84 0.47
[1 1 1 1 1 1 1 1 0 0 0 0 1 1 0 0 1 1 0 1 0 0 1 1 1 1 0 0 1 1 1 0 0 0 0 0 1
 1 1 1 1 1 0 0 1 0 1 1 0 0 0 0 1 1 1 1 1 0 0 1 1 1 1 0 1 1 1 0 0 0 1 1 1 0
 0 0 0 1 1 0 0 1 1 1 0 0 1 1 1 0 0 1 1 0 1 1 1 0 0 1]
time:42 0.95 0.43
[1 1 0 0 1 1 0 0 1 0 1 1 0 0 0 0 1 1 0 0 1 0 1 0 1 1 1 1 1 1 1 1 1 1 1 0 0
 0 1 0 1 1 1 1 1 1 1 0 1 0 1 0 1 0 1 0 1 0 0 0 1 0 0 1 1 0 1 1 1 0 1 0 0 1
 1 0 0 0 1 1 0 1 1 1 0 0 0 0 0 0 0 1 0 0 0 0 0 0 0 0]
time:43 1.0 0.45
[0 1 0 1 1 1 1 0 0 0 1 0 1 1 0 1 1 0 0 1 1 0 1 1 1 0 0 0 1 1 1 0 1 0 1 1 1
 1 1 1 0 1 1 0 0 0 0 1 0 0 0 0 0 1 1 1 0 0 0 1 1 0 1 1 1 0 1 0 0 1 1 1 1 0
 1 1 1 0 0 1 1 1 0 1 0 0 0 0 1 1 0 1 0 0 0 0 0 0 0 1]
time:44 0.93 0.48
[0 0 0 0 0 0 0 0 0 0 1 0 1 0 0 0 1 1 1 1 0 0 1 1 1 1 0 0 1 1 0 0 0 1 1 0 0
 1 0 0 0 0 1 1 0 0 0 0 0 0 0 0 0 1 1 1 1 1 0 1 1 1 1 0 1 1 1 1 0 1 1 1 1 1
 1 1 1 1 1 0 0 0 1 1 1 0 1 1 1 1 0 0 1 0 0 1 1 1 0 0]
time:45 0.72 0.45
[0 1 0 1 0 1 0 1 1 1 1 0 1 1 0 0 0 0 1 0 0 0 0 0 1 1 0 0 0 1 1 1 1 0 1 0 0
 0 1 0 0 0 0 0 0 0 0 1 1 0 0 1 0 1 1 1 1 1 0 1 1 1 0 0 1 0 1 0 0 0 1 1 1 0
 0 1 1 0 1 0 0 1 0 0 1 0 0 1 1 1 0 0 0 0 1 1 0 0 1 1]
time:46 0.67 0.58
[0 0 1 0 1 1 0 0 0 1 0 0 0 1 0 0 1 1 1 0 1 0 1 1 0 0 0 1 1 0 0 1 0 1 1 0 0
 0 0 0 0 1 0 0 1 1 1 1 1 1 1 0 0 0 0 0 1 0 0 0 1 0 0 0 0 0 0 1 0 0 1 0 1 0
 0 0 1 1 1 1 0 0 0 0 1 0 0 1 1 1 1 1 0 0 0 1 1 0 0 0]
time:47 0.93 0.49
[0 1 0 0 0 1 0 0 0 0 0 1 1 0 0 0 1 0 0 1 0 0 1 1 1 0 0 0 0 0 1 1 1 1 1 0 1
 1 1 1 0 0 0 0 1 0 0 1 1 0 1 1 0 1 1 0 1 0 0 1 0 1 0 1 0 0 0 0 1 1 1 1 1 1
 0 1 0 0 0 1 1 1 0 1 0 1 1 1 1 0 0 1 0 1 0 0 0 1 0 1]
time:48 0.87 0.45
[0 0 0 0 0 0 0 0 1 1 0 1 0 0 0 1 1 1 0 1 1 0 0 0 1 0 1 0 0 0 0 1 1 1 1 0 0
 1 1 1 1 0 0 0 0 1 0 1 1 1 1 0 1 0 1 1 1 0 0 0 1 1 1 0 0 0 0 0 1 0 0 0 0 1
 0 0 1 0 0 0 1 1 1 1 1 1 1 1 1 1 1 0 0 1 0 0 1 0 0 0]
time:49 0.97 0.47
[1 1 1 1 0 1 1 1 0 0 1 1 0 1 0 1 1 0 1 1 1 0 1 1 0 0 0 0 0 1 1 0 1 1 1 0 0
 0 0 0 0 1 0 0 1 0 1 1 1 1 1 1 1 0 1 1 1 0 0 1 1 0 1 0 1 1 0 0 0 0 1 1 0 0
 0 1 1 1 0 1 1 1 0 0 0 0 0 1 1 1 1 1 1 1 0 1 1 0 0 0]
0.38:1
0.43:6
0.44:5
0.46:9
0.47:2
0.49:2
0.5:10
0.51:4
0.52:2
0.54:2
0.55:1
0.56:5
0.57:1
[38, 44, 43, 56, 46, 50, 49, 52, 56, 46, 54, 50, 46, 50, 43, 56, 54, 46, 50, 43, 51, 50, 56, 50, 50, 47, 44, 55, 43, 50, 50, 43, 51, 56, 46, 46, 51, 50, 52, 46, 51, 46, 43, 44, 47, 44, 57, 49, 44, 46]
48.6 19.64
