time:0 0.95 0.64
[1 1 0 0 0 0 0 0 0 1 1 1 1 1 1 1 1 1 1 1 1 1 1 1 0 0 0 0 1 0 0 0 0 0 1 0 0
 0 0 0 1 1 0 1 1 1 1 1 0 1 1 0 0 1 1 1 1 1 1 1 0 0 1 0 0 0 1 1 1 1 1 0 0 1
 1 0 0 0 0 0 0 0 0 0 0 0 0 0 0 0 0 0 0 0 0 1 1 1 0 1]
time:1 0.96 0.47
[1 1 0 1 0 0 1 0 0 0 0 1 1 1 1 0 1 0 1 1 0 1 1 0 1 0 0 0 0 0 0 0 0 0 1 0 1
 1 1 1 1 1 1 1 1 1 1 1 1 1 1 0 1 1 1 1 1 1 1 1 1 1 1 1 0 1 1 1 1 1 1 1 1 1
 1 0 1 0 0 0 0 0 0 1 1 1 0 0 0 0 0 0 0 0 0 0 0 0 0 0]
time:2 0.93 0.46
[1 1 1 1 0 1 0 0 0 0 0 0 0 1 0 0 1 0 0 1 1 1 0 1 1 0 1 0 0 0 0 1 1 1 1 1 1
 1 1 1 1 1 1 1 1 1 1 1 1 1 1 1 1 1 1 1 1 1 1 1 1 1 1 1 1 1 1 1 1 1 1 1 1 1
 1 1 1 1 1 0 1 1 1 1 1 1 0 0 0 0 0 0 0 0 0 0 0 0 0 0]
time:3 0.94 0.45
[1 1 1 0 0 1 0 0 0 0 0 0 1 1 0 0 1 1 1 0 0 1 1 1 0 1 1 1 1 1 0 1 1 1 1 0 1
 1 1 1 1 1 1 1 1 1 1 1 1 1 1 1 1 1 1 1 1 1 1 1 1 1 1 1 1 1 1 1 1 1 1 1 1 1
 1 1 0 1 1 1 1 1 1 1 1 1 0 0 0 0 1 1 1 1 0 0 0 0 1 1]
time:4 0.95 0.39
[0 0 1 1 0 0 0 0 0 0 0 0 0 0 0 0 1 0 1 1 0 0 0 0 0 0 1 0 0 1 1 1 1 1 1 1 1
 1 1 1 1 1 1 1 1 1 1 1 1 1 1 1 1 1 1 1 1 1 1 1 1 1 0 1 1 1 1 1 1 1 1 1 1 1
 0 1 1 1 1 1 1 1 1 1 1 1 1 1 1 0 0 0 0 0 0 0 0 0 0 0]
time:5 0.91 0.54
[1 1 1 1 0 1 1 0 1 1 1 1 1 1 0 0 1 1 1 1 1 1 0 0 0 0 1 1 1 0 0 0 1 1 1 1 1
 0 1 1 1 1 1 1 1 1 1 1 1 1 1 1 1 1 1 1 1 1 1 1 0 0 1 1 1 1 1 1 1 1 1 1 0 1
 1 0 1 0 1 1 1 1 1 1 1 1 0 0 0 1 0 1 1 0 1 1 1 1 1 0]
time:6 0.93 0.48
[1 1 0 1 1 1 1 0 0 0 0 0 1 1 0 0 0 0 1 0 0 1 0 0 0 0 1 1 1 0 1 1 1 1 1 1 1
 1 0 1 1 1 1 0 1 1 1 1 1 1 1 1 1 1 1 1 1 1 1 1 1 1 1 1 1 1 1 1 1 0 1 1 1 1
 1 1 0 1 0 1 1 1 1 1 0 1 1 1 0 0 0 1 0 0 0 0 0 1 0 0]
time:7 0.91 0.54
[0 1 1 1 0 0 1 1 0 1 1 0 0 0 0 1 0 1 0 1 0 1 1 1 0 0 0 1 0 1 0 1 1 1 1 1 1
 0 1 1 1 1 0 1 1 1 1 1 0 1 1 1 1 1 1 1 1 1 1 1 1 1 1 1 1 1 1 1 1 1 1 0 0 1
 0 0 1 1 1 1 1 1 1 1 1 1 1 0 0 1 1 1 0 1 0 1 1 0 0 1]
time:8 1.0 0.47
[1 1 1 0 0 0 1 0 0 1 1 0 1 1 1 1 0 0 0 0 0 0 0 0 0 0 0 0 1 0 0 1 1 1 1 1 1
 1 1 1 1 1 1 1 1 1 1 1 1 1 1 1 1 1 1 1 1 1 1 1 1 0 1 1 0 1 1 1 1 1 1 1 1 1
 1 1 0 0 0 0 0 0 1 0 1 0 0 0 0 0 0 0 0 0 0 0 0 0 0 0]
time:9 0.96 0.47
[1 1 1 1 0 1 0 0 0 0 0 0 1 1 1 1 1 1 0 0 0 0 0 0 1 1 1 0 1 0 0 1 1 1 1 1 1
 1 1 1 1 1 1 1 1 1 1 1 1 1 1 1 1 1 1 1 1 1 1 1 1 1 1 1 1 1 1 1 1 1 1 1 1 1
 1 1 0 1 1 1 1 1 1 1 1 1 1 1 1 1 1 1 0 0 0 0 0 0 0 1]
time:10 0.97 0.46
[1 1 1 1 0 0 0 0 0 1 1 0 1 0 0 0 0 1 0 0 1 0 0 0 0 1 0 0 1 1 1 1 0 1 1 1 1
 0 1 1 1 0 1 1 1 1 1 1 1 1 1 0 1 1 1 1 1 1 1 1 1 1 1 1 1 1 1 1 1 1 1 1 1 1
 1 1 1 1 1 1 1 1 1 1 1 1 1 0 1 1 0 0 0 0 0 0 0 0 0 0]
time:11 0.98 0.48
[0 1 1 1 0 0 0 0 0 0 0 0 0 1 0 0 0 0 0 1 1 0 0 0 0 0 1 1 1 1 1 1 1 1 1 1 1
 1 1 1 1 1 1 1 1 1 1 1 1 1 1 1 1 1 1 1 1 1 1 1 1 1 1 1 1 1 1 1 1 1 1 1 1 1
 1 1 1 1 0 1 1 1 1 1 1 1 1 1 0 1 0 1 0 0 0 0 0 0 0 0]
time:12 0.96 0.43
[1 1 1 1 1 0 0 0 1 1 0 0 0 1 1 1 1 1 0 1 0 0 0 0 0 0 0 0 0 0 0 1 0 1 1 0 1
 1 1 1 1 1 1 1 1 1 1 1 1 1 1 1 1 1 1 1 1 1 1 1 1 1 1 1 1 1 1 1 1 1 1 1 1 1
 1 1 1 1 1 1 1 0 1 1 0 0 0 0 0 0 0 0 0 0 0 0 1 0 0 0]
time:13 0.94 0.47
[1 1 0 1 0 0 0 0 0 1 0 1 1 1 1 1 1 0 1 0 1 1 1 0 0 0 1 0 1 1 1 0 0 1 1 1 1
 1 1 1 1 1 1 1 1 1 0 1 0 1 1 1 1 1 1 1 1 1 0 0 0 0 0 1 1 1 1 1 1 1 1 1 1 1
 1 0 0 0 1 1 1 1 1 1 1 1 0 1 0 0 0 0 0 0 0 0 0 0 0 0]
time:14 0.95 0.5
[1 1 0 0 0 1 0 0 0 1 0 0 0 0 1 0 1 1 0 0 1 0 1 1 1 0 1 1 1 0 1 1 1 1 1 0 0
 0 1 1 1 1 0 1 1 0 1 1 1 1 1 0 1 1 1 1 1 1 1 1 1 0 1 1 1 1 1 1 1 1 1 1 1 1
 0 1 0 1 1 1 1 1 1 1 1 1 1 0 0 0 0 1 0 0 0 0 0 0 0 0]
time:15 0.95 0.53
[1 1 1 0 1 1 1 0 0 1 0 1 1 1 1 1 1 1 1 1 1 1 1 1 1 1 1 0 1 0 0 0 0 1 1 1 1
 1 1 1 1 1 1 1 1 1 0 1 1 1 0 1 1 1 1 1 1 1 1 1 1 1 1 1 1 1 1 1 1 1 1 1 1 1
 1 1 0 1 0 1 1 1 1 1 1 1 1 1 1 1 1 1 1 1 1 0 0 0 0 0]
time:16 0.98 0.49
[1 1 0 0 0 0 0 0 0 0 0 0 0 1 0 0 0 0 1 0 0 0 0 0 0 0 1 0 1 0 0 1 0 1 1 1 1
 1 1 1 1 1 1 1 1 1 1 1 1 1 1 1 1 1 1 1 1 1 1 1 1 0 0 1 1 1 1 1 1 1 1 1 1 1
 1 1 1 1 1 1 1 1 1 1 1 1 1 1 1 0 0 1 1 1 0 0 0 0 0 0]
time:17 0.93 0.43
[1 0 0 0 1 1 0 1 1 0 0 1 1 1 0 0 0 0 1 1 0 0 1 1 0 1 1 1 1 0 0 1 1 1 0 1 1
 1 1 1 1 1 1 1 1 1 0 1 1 1 1 1 1 1 1 1 1 1 1 1 1 0 0 1 1 1 1 1 1 1 1 1 0 1
 1 1 1 1 1 1 1 1 1 1 1 0 1 1 1 0 0 0 0 0 1 0 1 0 1 1]
time:18 0.96 0.52
[1 1 1 1 0 0 1 0 1 1 1 0 1 1 0 1 1 1 1 1 1 1 1 0 0 0 0 0 0 1 0 1 1 1 1 1 1
 1 1 1 1 1 1 1 1 1 1 1 1 1 1 0 1 1 1 1 1 1 1 1 1 0 1 1 1 1 1 1 1 1 1 1 1 1
 1 1 0 1 1 1 1 1 1 1 1 1 1 0 0 1 0 0 1 0 0 0 0 0 0 1]
time:19 0.98 0.47
[0 1 1 1 0 0 0 0 1 0 0 1 1 1 1 1 0 1 0 1 1 0 0 0 0 1 1 1 1 1 1 1 1 1 1 1 1
 1 1 1 1 1 1 1 1 1 0 0 0 0 0 1 1 1 1 1 1 1 1 1 1 1 1 1 1 1 1 1 1 1 0 0 0 1
 0 1 1 0 1 1 1 1 1 1 1 1 1 1 1 1 1 1 1 0 0 0 0 0 0 0]
time:20 0.94 0.47
[0 1 1 0 0 0 0 0 0 0 0 0 0 1 0 0 0 0 1 0 0 1 1 0 0 1 0 0 0 1 0 1 1 1 1 1 0
 1 1 1 1 1 1 1 1 1 1 1 1 1 0 1 1 1 1 1 1 1 1 1 1 1 1 1 1 1 1 1 1 1 1 1 1 1
 1 1 1 0 0 0 1 1 1 1 1 0 1 1 0 1 0 0 0 0 0 0 0 0 0 0]
time:21 0.95 0.51
[1 1 0 0 0 0 1 0 0 1 0 0 0 0 0 0 0 0 0 0 0 0 0 0 0 0 0 0 0 0 0 1 1 1 1 0 0
 0 0 0 0 0 0 1 1 1 1 1 1 1 1 1 1 1 1 1 1 1 1 1 1 1 1 1 1 1 1 1 1 1 0 1 0 1
 0 1 0 1 0 0 0 0 1 0 0 0 0 0 0 0 0 1 1 0 0 0 0 0 0 0]
time:22 0.85 0.46
[1 1 1 1 1 0 1 0 0 1 0 1 0 1 1 1 1 1 1 1 1 1 1 1 1 1 0 0 0 1 1 1 1 1 1 1 1
 0 1 1 1 1 1 1 1 1 1 1 1 1 1 1 1 1 1 1 1 1 1 0 0 0 1 1 1 1 1 1 1 1 1 1 1 1
 1 1 1 1 1 1 1 1 1 1 0 1 1 0 0 0 0 0 1 0 0 0 0 0 0 0]
time:23 0.96 0.4
[0 1 1 1 0 0 0 0 0 0 0 1 1 1 0 1 1 1 1 1 1 1 0 0 0 0 1 1 0 1 1 1 1 1 1 0 1
 1 1 1 0 1 0 1 1 1 1 1 1 1 1 1 1 1 1 1 1 0 1 1 1 1 1 1 1 1 1 1 1 1 1 0 1 1
 0 0 1 1 0 0 0 1 0 0 0 0 1 0 0 0 1 1 0 0 0 0 0 0 0 0]
time:24 0.93 0.47
[1 1 1 0 0 1 0 0 0 0 0 1 1 1 0 0 1 1 1 0 1 1 0 0 0 0 1 1 1 1 1 1 1 1 1 1 1
 1 1 1 1 1 1 1 1 1 1 1 1 1 1 1 1 1 1 1 1 1 1 1 1 1 1 1 1 1 1 1 1 1 1 1 0 1
 1 1 1 1 1 0 1 1 1 1 1 1 1 0 0 1 1 1 1 1 0 1 0 0 1 0]
time:25 0.94 0.46
[1 0 0 1 1 0 1 0 0 1 0 1 1 1 0 1 1 1 1 1 1 0 0 0 0 0 1 1 1 0 0 1 1 1 1 1 1
 1 1 1 1 1 1 1 1 1 1 1 1 1 1 1 1 1 1 1 1 1 1 1 1 1 1 1 1 1 1 1 1 1 1 1 1 1
 1 1 1 1 1 1 1 1 1 1 1 1 1 1 0 0 0 1 1 1 1 1 0 0 0 0]
time:26 0.95 0.48
[1 0 1 1 1 1 0 0 1 0 0 0 1 1 0 0 1 1 1 1 0 1 1 1 0 0 0 0 0 0 0 1 1 1 1 1 1
 1 1 1 1 1 1 1 1 1 0 1 0 1 0 1 1 1 1 1 1 1 0 0 0 0 0 1 0 1 1 1 1 1 0 1 1 1
 1 0 1 1 1 1 1 1 1 1 1 1 1 0 0 0 0 0 0 0 0 0 0 0 1 0]
time:27 0.96 0.52
[1 1 1 1 1 0 0 0 1 1 0 0 0 0 1 1 1 0 1 0 1 0 0 0 0 0 0 1 1 0 1 1 1 0 1 1 0
 1 1 1 1 1 1 1 1 1 1 1 1 1 1 1 1 1 1 1 1 1 1 1 1 0 1 1 1 1 1 1 1 1 0 0 1 0
 1 1 1 1 1 1 1 1 0 1 1 1 1 0 0 0 0 1 0 0 0 1 0 1 0 0]
time:28 0.95 0.5
[1 1 1 1 0 0 1 1 0 1 0 0 0 0 0 0 1 0 0 0 1 0 0 1 0 0 0 1 1 1 1 1 1 1 1 1 1
 1 1 1 1 1 1 1 1 1 1 1 1 1 1 0 1 1 1 1 1 1 1 1 1 1 1 1 0 1 1 1 1 1 1 0 0 0
 1 1 0 1 1 1 1 1 1 1 1 1 0 0 0 0 0 0 1 0 1 0 0 0 0 0]
time:29 0.94 0.44
[1 0 0 1 0 0 1 0 1 0 0 1 1 1 1 0 1 0 0 0 1 1 1 0 1 1 0 1 1 0 1 1 1 1 0 1 0
 1 1 1 1 1 1 1 1 1 1 1 1 1 1 1 1 1 1 1 1 1 1 1 1 1 1 1 1 1 1 1 1 1 1 1 1 1
 1 1 1 1 1 1 1 1 1 1 1 1 0 0 0 0 0 0 0 0 0 0 1 0 0 0]
time:30 0.95 0.46
[1 1 0 1 0 0 0 0 0 0 0 1 1 1 1 1 0 0 0 0 1 0 1 0 0 0 0 0 0 1 1 1 1 1 1 1 1
 1 1 1 1 1 1 1 1 1 1 1 1 1 1 1 1 1 1 1 1 1 1 1 1 1 1 1 1 1 1 1 1 0 0 0 1 1
 1 1 1 1 0 0 1 1 1 1 1 0 0 0 0 0 0 0 0 0 1 0 1 0 1 1]
time:31 0.96 0.51
[0 1 0 1 0 1 1 1 0 0 1 0 1 1 0 1 1 1 0 1 1 0 0 0 0 1 0 0 1 0 0 1 1 1 1 1 0
 0 1 1 1 1 0 1 1 1 1 1 1 1 1 1 1 1 1 1 1 1 1 0 1 1 0 1 1 1 1 1 1 1 1 1 1 1
 0 1 1 1 1 1 1 1 1 1 1 1 0 1 0 0 0 0 0 0 1 1 1 1 0 1]
time:32 0.95 0.52
[1 1 1 1 0 0 1 0 0 0 0 0 0 1 0 1 1 0 1 1 1 1 1 1 0 0 0 0 0 0 0 1 0 1 1 1 1
 1 1 0 1 1 1 1 1 1 1 1 1 1 1 1 1 1 1 1 1 1 1 1 1 1 1 1 1 1 1 1 1 1 1 1 0 1
 1 1 0 1 0 1 1 1 1 1 1 1 1 0 0 0 0 0 0 0 0 0 0 0 0 0]
time:33 0.95 0.42
[1 1 1 1 0 0 0 1 1 0 1 1 1 0 1 1 0 1 1 0 0 0 0 0 0 0 1 1 1 0 0 1 1 1 1 1 1
 0 0 0 0 0 0 1 1 0 1 0 0 0 1 1 1 1 1 1 1 1 1 1 1 1 1 1 1 1 1 1 1 1 1 1 1 1
 0 1 1 1 1 1 1 1 1 1 1 0 0 0 0 0 0 0 0 0 0 0 0 0 0 0]
time:34 0.97 0.58
[1 1 1 1 0 1 1 0 0 0 0 1 1 1 1 0 1 1 1 1 1 1 1 1 0 0 1 1 1 0 0 0 0 0 1 0 0
 0 0 1 1 1 1 1 1 0 1 1 1 1 1 1 1 1 1 1 1 1 1 1 1 1 1 1 1 1 1 1 1 1 1 1 1 1
 1 1 1 1 0 1 0 1 0 0 0 0 1 0 0 1 1 1 1 1 1 1 1 0 0 0]
time:35 0.93 0.52
[1 1 0 0 0 1 0 0 1 0 1 0 1 1 1 1 0 1 1 1 1 1 1 1 0 0 0 1 0 1 0 1 1 1 1 1 0
 0 1 0 0 0 1 1 1 1 0 1 0 0 1 0 1 1 1 1 1 1 1 1 1 1 1 1 1 1 1 1 1 1 1 1 1 1
 1 0 0 0 1 1 1 1 1 1 1 1 0 0 0 0 0 0 0 0 1 0 0 0 0 1]
time:36 0.98 0.55
[1 1 1 1 0 1 1 0 1 1 0 0 0 1 0 1 0 1 0 1 0 0 0 0 0 0 0 0 0 0 0 0 0 1 1 1 1
 1 1 1 1 1 1 1 1 1 1 1 1 1 1 1 1 1 1 1 1 1 1 1 1 1 1 1 1 1 1 1 1 1 1 0 0 0
 1 0 0 0 0 1 1 1 1 1 1 1 1 1 0 0 0 0 0 0 0 0 1 1 1 1]
time:37 0.97 0.52
[1 0 0 1 0 1 1 0 1 1 0 0 1 1 1 1 1 1 1 1 1 1 1 1 0 0 1 1 1 1 1 1 1 1 1 1 0
 1 1 1 1 1 1 1 1 1 0 1 1 1 1 1 1 1 1 1 1 1 1 1 1 1 1 1 1 1 1 1 1 1 1 1 1 1
 0 1 0 1 0 0 1 1 1 1 1 1 1 1 0 0 0 1 0 0 0 0 0 0 0 0]
time:38 0.97 0.51
[1 1 1 1 0 0 1 0 0 1 0 0 0 1 0 0 0 0 1 1 0 1 0 1 0 1 0 1 1 1 1 0 0 1 1 1 1
 1 1 1 1 1 1 1 1 1 1 1 1 1 1 1 1 1 1 1 1 1 1 1 1 1 1 1 1 1 1 1 1 1 1 1 0 1
 1 1 0 1 1 1 1 1 1 0 1 1 1 0 0 0 1 1 0 1 1 1 0 0 0 0]
time:39 0.99 0.48
[1 1 0 1 1 0 0 0 1 0 1 1 1 1 1 1 0 0 0 0 1 0 0 0 0 0 0 0 0 0 0 1 0 1 1 1 1
 1 1 0 0 0 0 1 1 1 1 1 1 1 1 1 1 1 1 1 1 1 1 1 1 1 1 1 0 0 1 1 1 1 1 1 1 1
 1 1 0 0 0 1 1 1 1 1 1 1 0 0 0 0 0 0 0 0 0 0 0 0 0 0]
time:40 0.94 0.46
[1 0 0 0 0 0 0 0 1 0 1 1 1 1 1 1 0 1 1 1 0 1 1 0 0 0 0 0 1 1 1 1 1 1 1 1 1
 1 1 1 1 1 1 1 1 1 1 1 1 1 1 1 1 1 1 1 1 1 1 1 1 1 1 1 1 1 1 1 1 1 0 0 0 1
 1 1 1 1 1 1 1 1 1 1 0 1 1 1 0 0 0 1 0 0 0 0 0 1 1 1]
time:41 0.99 0.46
[1 1 1 1 0 0 0 0 1 0 1 1 1 1 1 1 0 1 0 0 0 1 0 1 0 0 1 0 1 1 1 1 1 1 1 1 0
 1 1 1 1 1 1 1 1 1 1 1 1 1 1 1 1 1 1 1 1 1 1 1 1 1 1 1 1 1 1 1 1 1 1 1 1 1
 1 1 1 1 1 1 1 1 1 1 1 1 1 0 0 0 1 1 0 0 0 0 0 0 0 0]
time:42 0.97 0.53
[1 1 0 1 1 1 1 1 0 1 0 1 0 1 1 1 1 1 1 1 0 1 1 0 0 1 0 0 0 0 0 1 0 0 1 0 1
 1 0 1 1 1 1 1 1 1 1 1 1 0 0 1 1 1 1 1 1 1 0 0 0 0 1 1 0 0 1 1 1 1 1 0 1 0
 0 1 0 0 0 0 1 1 1 1 1 1 1 1 0 0 0 1 1 0 0 0 0 0 0 1]
time:43 0.95 0.42
[0 1 0 1 0 0 1 0 1 1 1 1 0 0 0 1 1 1 1 1 1 1 0 0 1 0 1 0 0 0 0 0 1 1 0 0 1
 1 1 1 1 1 1 1 1 1 1 1 1 1 1 1 1 1 1 1 1 1 1 1 1 1 1 1 1 1 1 1 1 1 0 0 1 1
 0 0 0 0 0 1 1 0 0 0 1 0 0 1 1 0 0 0 0 0 0 0 1 1 0 0]
time:44 0.91 0.53
[1 0 1 0 0 1 1 0 0 0 0 0 1 1 1 1 0 1 0 1 1 1 0 0 0 1 0 1 1 0 0 1 1 1 1 1 1
 1 1 1 1 1 1 1 1 1 1 1 1 1 1 1 1 1 1 1 1 1 1 1 1 1 1 1 1 1 1 1 1 0 0 1 1 1
 1 1 0 1 1 1 1 1 0 0 1 1 1 1 0 0 0 0 1 0 1 1 1 1 1 1]
time:45 0.96 0.51
[1 1 1 1 0 1 1 0 1 0 0 0 0 1 0 1 1 1 1 1 1 1 1 1 1 0 1 1 1 1 1 1 1 1 1 1 1
 1 1 1 1 1 1 1 1 1 1 1 1 1 1 1 1 1 1 1 1 1 1 1 1 1 1 1 1 1 1 1 1 1 1 0 0 1
 1 1 1 1 1 1 1 1 1 1 1 1 1 1 0 1 1 1 0 1 0 0 0 0 0 0]
time:46 0.98 0.42
[1 1 1 0 1 0 0 1 0 0 0 0 0 0 1 1 0 0 1 1 0 1 0 0 0 0 1 1 1 1 0 1 1 1 1 0 1
 1 1 0 0 1 0 1 1 0 0 1 1 0 0 1 1 1 1 1 1 1 1 1 1 1 1 1 1 1 1 0 0 0 1 1 0 1
 1 1 1 1 1 1 1 1 1 1 1 1 1 1 0 0 0 1 0 1 0 0 0 0 0 0]
time:47 0.96 0.51
[1 1 1 1 0 1 1 0 1 1 0 0 0 0 0 0 0 0 0 0 0 0 0 0 0 0 0 1 0 1 1 0 1 1 1 1 1
 1 1 1 1 1 1 1 1 1 1 1 1 1 1 1 1 1 1 1 1 1 1 1 1 1 1 1 1 1 1 1 1 1 1 1 1 1
 1 1 1 1 1 1 1 1 1 1 1 1 1 0 0 0 0 1 1 1 1 0 0 0 0 0]
time:48 0.96 0.38
[1 1 0 0 1 0 0 0 0 0 1 0 1 1 1 1 1 1 0 0 1 0 0 0 0 1 0 0 0 1 1 1 1 1 0 1 1
 0 1 1 1 1 1 1 1 1 1 1 1 1 1 1 1 1 1 1 1 1 1 1 1 1 1 1 1 1 1 1 1 0 1 1 1 1
 0 1 1 1 1 1 1 1 1 1 1 1 1 0 0 0 0 0 0 0 0 0 0 0 0 1]
time:49 0.95 0.46
[1 1 1 1 0 1 1 0 1 0 1 1 1 1 1 1 1 0 1 0 0 1 0 0 0 0 0 1 1 0 0 1 1 1 1 1 1
 1 1 1 1 1 1 1 1 1 1 1 1 1 1 1 1 1 1 1 1 1 1 1 1 1 1 1 1 1 1 1 1 1 1 1 1 1
 1 1 1 1 1 1 1 1 1 1 1 1 0 0 0 1 0 0 0 0 0 0 0 0 0 1]
0.37:1
0.38:1
0.4:1
0.41:3
0.43:3
0.44:1
0.46:15
0.47:4
0.49:1
0.5:7
0.51:5
0.52:3
0.54:2
0.55:1
0.57:1
0.63:1
