time:0 0.63 0.57
[1 0 1 0 1 0 0 0 0 0 1 0 0 0 0 0 1 0 0 0 1 0 1 1 1 0 0 0 0 0 0 0 0 0 0 0 0
 0 0 0 0 1 1 0 1 0 1 1 1 0 1 1 1 1 0 0 1 0 0 0 1 0 0 0 0 1 0 1 0 0 1 0 1 0
 1 1 0 0 1 1 1 0 0 0 0 0 1 0 1 1 0 1 0 0 0 0 0 0 0 0]
time:1 0.6 0.54
[0 0 0 0 0 1 0 0 0 1 1 0 0 0 1 0 0 0 0 0 1 0 0 1 0 1 0 1 1 1 0 0 0 0 1 1 1
 0 0 0 0 0 0 0 0 0 0 0 0 0 1 0 0 1 0 0 0 0 0 0 1 0 0 0 1 0 0 0 1 0 0 1 0 0
 0 0 1 0 0 0 0 1 0 0 0 0 0 0 0 1 0 1 0 0 0 0 0 0 1 1]
time:2 0.55 0.52
[0 0 0 1 1 0 0 1 0 0 0 0 1 0 1 1 0 0 1 1 1 1 1 1 0 1 0 1 1 0 0 1 1 1 1 0 1
 0 1 1 1 0 0 1 0 0 0 1 0 1 0 0 1 1 0 0 1 1 0 1 1 0 1 0 1 0 0 1 0 0 1 1 0 0
 0 0 1 1 1 1 0 1 1 1 0 1 1 0 1 0 0 1 1 1 0 0 0 1 0 0]
time:3 0.57 0.46
[1 1 1 1 0 0 1 0 1 0 1 1 1 0 0 0 1 1 1 0 0 1 1 1 1 1 1 1 0 0 1 1 1 0 1 0 0
 1 0 0 0 0 1 1 0 1 0 1 0 0 0 0 1 0 1 1 1 1 1 0 0 0 1 0 1 0 0 0 0 0 1 1 1 0
 0 1 1 0 1 1 0 0 1 1 0 1 0 0 0 1 1 0 0 0 0 0 0 0 0 1]
time:4 0.68 0.53
[0 0 0 0 0 0 0 0 0 0 0 0 0 1 0 0 1 1 0 0 0 1 0 0 0 0 0 0 0 0 0 0 0 0 0 0 1
 0 1 0 0 0 0 0 0 0 0 1 0 0 0 0 0 0 1 0 0 0 0 0 0 0 1 0 0 0 0 1 1 0 0 1 1 0
 0 0 0 0 0 0 0 1 1 0 0 1 0 0 0 0 0 0 0 0 0 0 0 0 0 0]
time:5 0.65 0.44
[0 1 0 0 1 1 0 1 0 0 1 1 0 0 0 0 1 1 0 1 0 1 0 0 0 0 1 0 0 1 0 1 0 0 1 0 1
 0 1 0 1 1 0 1 0 0 0 1 1 1 0 0 0 0 0 1 0 0 0 0 0 1 0 0 0 1 0 0 0 0 0 0 1 1
 0 0 0 1 1 1 0 1 0 1 0 0 0 0 1 0 1 1 1 1 1 0 0 1 1 1]
time:6 0.57 0.44
[0 1 1 0 1 1 0 0 1 0 0 0 1 0 0 1 0 1 1 0 0 0 1 0 0 0 0 1 0 1 0 0 0 0 1 1 1
 0 0 0 0 1 0 0 1 0 1 1 1 1 1 0 0 1 1 0 0 0 1 0 1 0 1 0 0 1 1 0 0 1 0 0 1 0
 1 0 1 1 1 0 0 0 0 1 1 1 1 0 0 1 1 0 1 0 1 1 1 1 1 0]
time:7 0.59 0.58
[0 0 1 1 1 1 1 0 0 0 0 0 0 0 1 0 0 1 0 0 1 0 1 0 1 1 0 0 1 0 1 0 0 0 0 1 1
 0 1 1 1 0 0 1 1 1 0 0 1 1 1 0 1 1 1 0 0 1 1 0 0 1 0 0 1 0 0 0 1 0 0 1 0 0
 0 0 1 1 0 0 1 1 0 0 1 0 0 0 1 1 0 0 1 0 0 0 0 0 1 1]
time:8 0.58 0.48
[1 0 0 0 0 0 0 0 1 0 0 0 1 0 1 1 0 1 0 0 1 1 0 0 0 0 0 0 1 0 0 0 0 1 1 0 1
 1 1 0 0 0 1 0 0 0 0 1 0 0 0 1 0 1 0 0 1 0 0 0 0 1 1 0 0 1 0 0 0 0 0 1 1 0
 0 0 0 0 0 0 0 0 0 0 0 0 0 0 0 1 0 0 0 0 0 0 0 0 1 1]
time:9 0.59 0.38
[1 0 0 1 0 0 0 1 0 1 1 1 1 0 0 0 1 0 1 0 1 1 1 1 0 1 0 0 1 1 0 1 1 1 1 1 1
 1 0 0 0 0 0 0 0 0 1 1 1 1 1 0 0 1 1 1 0 1 1 1 1 1 1 0 1 1 1 0 1 0 1 0 0 0
 1 1 1 1 0 0 1 0 1 1 1 1 0 1 1 0 1 0 1 0 0 0 1 1 1 1]
time:10 0.52 0.54
[0 1 1 1 1 1 0 0 0 1 1 1 0 1 0 0 1 1 0 1 0 0 0 1 1 1 1 1 1 1 1 1 0 1 1 0 1
 0 0 0 0 1 1 1 1 1 0 1 1 1 1 1 1 1 1 0 0 1 1 0 1 0 1 0 0 0 0 1 1 0 1 1 0 1
 1 1 1 1 1 0 1 0 1 1 1 1 1 0 1 1 1 0 1 1 1 0 1 1 1 1]
time:11 0.5 0.55
[1 0 0 1 0 1 1 1 1 0 0 0 1 1 1 0 1 0 0 1 1 0 0 1 0 1 0 1 1 0 0 0 1 0 1 1 1
 0 0 1 1 1 1 0 1 1 1 1 1 0 0 0 0 0 0 0 0 1 1 0 1 1 0 0 0 1 0 1 0 0 1 1 1 0
 1 1 0 0 1 1 0 0 0 0 1 0 1 1 1 0 0 1 0 0 0 0 0 1 0 0]
time:12 0.58 0.49
[1 1 1 1 1 1 1 1 1 1 1 1 1 1 1 1 1 1 1 1 1 1 1 1 1 1 1 1 1 0 1 1 1 1 1 1 1
 1 1 1 1 1 1 1 1 1 1 1 1 1 1 1 1 1 1 1 1 1 1 1 1 1 1 0 1 1 1 1 1 1 1 1 1 1
 1 1 1 1 1 1 1 1 1 1 1 1 1 1 1 1 1 1 1 1 1 1 1 1 1 1]
time:13 0.5 0.59
[1 0 0 0 0 1 1 0 0 1 1 1 1 1 1 0 1 0 0 0 1 1 1 0 0 1 1 0 1 1 0 1 0 0 1 0 1
 0 0 0 1 1 0 1 0 0 0 0 1 0 1 0 1 0 1 0 0 1 0 1 0 0 1 1 0 0 0 0 0 0 1 0 0 0
 0 0 0 0 1 1 0 1 0 0 0 1 0 0 0 0 1 0 0 1 0 0 1 0 0 1]
time:14 0.54 0.5
[0 0 1 1 1 1 1 0 0 1 1 0 0 0 1 1 1 0 1 1 1 0 0 1 1 0 0 1 0 0 0 0 0 0 0 0 0
 1 1 1 0 0 0 1 1 1 1 1 1 0 1 0 1 0 0 0 1 1 1 1 1 1 1 1 0 1 0 0 1 0 0 1 1 0
 1 1 0 1 0 1 1 1 0 0 0 0 1 0 0 1 0 1 0 1 0 0 1 1 1 1]
time:15 0.56 0.54
[0 0 0 0 0 0 0 0 0 0 0 0 0 0 0 0 0 0 1 0 0 0 0 0 0 0 0 0 0 0 0 0 0 0 0 0 0
 0 0 0 0 0 0 0 1 0 0 0 0 0 0 0 0 0 0 0 0 0 0 0 0 0 0 0 0 0 0 1 0 0 0 0 0 0
 0 0 1 0 1 0 0 1 0 0 0 0 0 0 0 0 0 0 0 0 0 0 1 0 0 0]
