time:0 0.83 0.53
[1 1 1 0 0 0 0 0 1 0 1 1 1 1 0 0 1 1 0 0 0 0 0 0 0 1 0 0 0 0 0 1 1 1 1 0 1
 0 0 0 0 1 0 0 1 1 1 1 1 0 0 0 0 0 1 1 1 1 1 0 0 0 1 1 1 0 1 0 0 0 0 0 0 1
 1 0 0 0 0 1 1 1 0 1 1 0 1 0 0 1 1 1 0 0 0 0 0 0 0 0]
time:1 0.9 0.43
[1 1 0 0 0 0 0 0 0 0 1 1 0 0 0 0 0 1 0 1 1 1 1 0 0 0 1 0 1 1 1 1 1 1 1 0 1
 0 0 0 1 0 1 1 1 1 0 1 0 1 0 1 1 1 1 1 1 0 1 0 0 0 0 0 0 0 0 1 1 1 1 0 0 0
 0 0 1 1 1 1 1 0 0 0 0 0 0 0 0 0 1 1 0 0 0 0 0 0 0 1]
time:2 0.89 0.48
[1 1 1 0 0 0 0 0 1 0 0 0 1 1 0 0 1 1 0 0 0 0 0 0 0 1 1 0 1 0 1 1 0 1 0 0 0
 0 1 1 1 1 1 1 1 1 1 1 0 0 1 0 0 1 1 1 1 1 0 0 0 1 0 0 0 0 0 0 1 0 1 1 1 1
 0 0 1 1 0 0 0 0 0 0 0 0 0 0 0 0 0 1 0 0 0 1 1 1 1 0]
time:3 0.79 0.49
[1 0 0 0 0 0 0 0 1 0 1 1 1 1 1 0 1 1 1 0 1 1 0 0 0 1 1 1 1 1 0 1 1 0 0 0 0
 0 1 1 1 1 1 1 0 1 0 1 0 0 1 0 0 0 0 1 1 1 0 0 0 0 0 0 0 1 1 0 0 0 0 0 1 1
 1 1 0 1 1 0 0 0 0 0 0 0 0 0 0 0 0 1 0 0 0 0 0 0 0 0]
time:4 0.88 0.52
[1 1 0 0 0 0 0 0 0 1 1 1 1 1 0 0 1 1 0 0 1 1 1 1 0 1 1 1 1 0 1 0 1 1 1 1 1
 0 0 1 1 1 1 0 1 1 1 1 1 0 0 0 0 1 1 0 1 0 0 0 0 0 0 0 1 1 1 0 0 0 0 0 0 1
 0 0 0 0 0 0 0 1 0 0 0 0 0 0 0 0 0 1 0 0 0 0 1 0 0 1]
time:5 0.9 0.51
[0 1 0 0 0 1 0 0 1 0 1 1 1 1 0 0 0 1 0 0 0 0 0 1 1 1 1 0 1 0 0 0 1 1 1 0 0
 1 0 1 1 1 0 1 1 0 0 0 0 0 1 0 0 1 1 1 1 1 1 0 0 0 0 1 0 1 1 0 1 0 0 1 0 1
 1 0 0 1 1 1 1 1 0 0 0 0 0 0 0 1 0 0 0 0 0 0 0 0 0 0]
time:6 0.88 0.52
[1 1 0 0 0 0 0 0 0 1 0 0 0 1 1 0 1 1 1 1 1 1 0 0 0 1 0 1 0 1 0 1 1 0 0 0 0
 1 0 0 0 1 1 0 1 1 0 1 0 0 0 1 1 0 1 1 1 0 0 0 0 0 1 1 0 0 0 0 0 0 0 0 0 1
 1 0 0 0 0 0 0 1 0 0 1 1 0 0 0 0 0 1 0 0 0 0 0 0 0 0]
time:7 0.85 0.49
[1 1 0 0 0 0 0 0 1 1 1 0 1 1 0 0 1 1 1 0 1 1 0 0 0 1 1 1 1 0 1 1 1 1 1 1 1
 1 0 0 1 1 1 1 1 1 1 1 1 0 0 0 0 0 0 1 1 1 0 1 0 0 0 0 1 1 0 0 0 0 0 0 1 1
 1 0 0 0 0 0 0 1 0 0 0 0 0 0 0 0 0 1 0 0 0 0 0 0 0 0]
time:8 0.82 0.51
[0 0 0 0 0 0 0 1 0 1 1 1 1 1 0 0 0 1 0 0 1 0 0 1 0 0 1 0 1 0 0 1 1 1 1 1 1
 1 0 0 0 0 1 1 1 1 0 1 0 0 0 1 1 1 1 1 1 0 0 1 0 0 0 0 1 1 1 0 1 1 1 0 1 1
 1 0 0 0 0 0 0 1 0 0 0 1 0 0 0 1 1 1 0 0 0 0 0 0 0 0]
time:9 0.8 0.43
[0 0 1 0 0 0 0 0 1 0 1 1 1 1 0 1 1 0 1 0 0 0 0 1 1 1 1 1 1 0 1 1 1 1 0 0 0
 0 0 1 0 1 1 1 1 0 1 1 0 0 0 0 0 1 1 1 1 0 1 0 0 1 0 0 0 1 1 0 0 0 0 0 0 1
 1 0 1 1 0 0 0 0 0 0 0 0 0 0 0 1 0 1 0 0 0 0 0 0 0 0]
time:10 0.85 0.45
[0 0 0 0 0 1 0 0 0 0 1 1 0 0 0 0 1 1 0 0 0 0 0 0 1 1 1 0 0 0 0 1 1 0 1 1 1
 1 1 0 0 1 1 1 1 1 0 0 0 0 0 0 0 0 0 1 1 1 0 0 1 1 0 1 1 1 1 0 0 0 0 0 1 1
 0 0 1 1 0 0 1 1 1 1 1 0 0 0 0 0 0 1 0 0 0 0 0 0 0 1]
time:11 0.87 0.49
[1 0 0 0 0 0 0 1 1 0 1 1 1 1 1 0 1 1 0 0 0 0 0 0 0 1 1 1 1 1 1 1 0 0 1 1 1
 1 1 0 1 1 1 1 1 1 1 1 0 0 0 0 1 0 1 1 1 1 1 1 0 1 0 1 1 1 1 0 0 0 0 1 1 1
 1 0 0 1 0 0 1 1 0 0 1 0 0 0 0 0 0 1 0 1 1 1 1 1 1 1]
time:12 0.89 0.45
[0 0 0 0 0 0 0 1 0 0 1 1 1 1 1 1 0 1 0 1 0 1 1 0 0 1 0 1 1 1 1 1 1 0 0 0 0
 1 1 0 0 1 0 0 0 0 0 0 0 0 1 0 1 1 1 1 1 1 0 0 0 0 1 1 1 1 1 0 0 0 0 0 0 1
 1 0 0 1 0 0 0 1 0 0 1 0 0 0 0 0 0 0 0 0 0 0 0 0 0 0]
time:13 0.83 0.5
[1 1 1 0 0 0 0 0 1 0 1 1 1 1 0 0 1 1 0 1 1 0 0 0 0 1 1 0 1 0 0 0 1 1 1 0 0
 0 0 0 1 0 1 0 1 1 0 1 0 0 1 0 1 1 0 1 1 1 0 0 0 1 0 0 1 1 1 0 0 0 0 0 0 1
 1 0 0 1 0 0 0 0 0 0 0 0 0 0 0 0 0 0 0 0 0 0 0 0 1 0]
time:14 0.89 0.52
[0 0 0 0 0 0 0 0 1 0 1 1 1 0 1 1 1 1 1 1 1 1 1 1 0 0 0 0 1 1 1 0 0 1 1 1 0
 1 1 0 1 1 1 1 1 1 1 1 0 0 1 0 1 1 1 1 1 0 0 0 0 0 0 0 0 0 1 0 0 0 0 0 1 0
 0 0 1 1 1 1 1 1 0 0 1 1 1 0 0 1 0 1 1 0 0 0 0 0 0 1]
time:15 0.8 0.58
[1 1 0 0 0 1 0 0 0 1 0 1 0 1 0 1 1 1 1 1 1 1 0 0 0 0 0 0 0 1 0 0 1 1 1 0 0
 0 0 0 1 1 1 1 1 1 1 1 0 0 0 0 0 0 1 1 1 1 0 0 0 0 0 0 0 1 1 1 1 1 1 0 0 1
 0 0 0 1 0 0 0 1 1 1 1 1 0 0 0 1 1 1 0 0 0 0 0 0 0 0]
time:16 0.73 0.42
[1 0 0 0 0 0 0 0 0 1 1 0 0 1 0 0 1 0 0 0 1 0 0 0 0 1 1 1 1 1 1 1 1 1 1 1 1
 1 1 1 0 1 0 0 1 1 0 0 1 1 0 0 0 0 1 1 1 1 0 0 0 0 0 1 0 0 0 0 0 0 0 0 1 1
 0 0 0 0 0 1 1 0 0 0 0 0 0 0 0 0 1 1 0 0 1 1 1 0 1 0]
time:17 0.83 0.4
[1 0 0 1 0 1 0 0 0 0 0 1 1 1 0 0 1 1 1 0 1 1 1 1 1 1 1 1 1 1 0 0 1 0 0 0 0
 1 1 1 1 1 0 1 1 1 1 1 1 1 1 1 1 1 1 1 1 0 0 1 0 0 0 0 1 1 1 0 0 0 0 1 0 0
 0 0 1 1 1 0 0 0 0 0 0 0 0 0 0 0 1 1 0 0 0 0 0 0 0 0]
time:18 0.88 0.5
[0 0 0 0 0 0 0 0 0 0 1 1 1 1 0 0 1 1 0 1 1 1 1 0 1 1 1 0 0 0 0 1 1 0 1 0 0
 0 0 0 0 1 1 1 1 1 1 1 1 1 0 0 0 0 0 1 1 0 0 0 0 0 1 1 1 1 1 1 0 0 0 0 0 1
 0 0 0 1 0 0 1 1 0 1 1 1 0 0 0 0 1 1 0 0 0 1 0 0 0 0]
time:19 0.92 0.45
[1 1 0 0 0 0 0 0 0 0 1 1 1 1 1 1 1 0 0 0 1 1 1 0 1 1 1 0 0 0 0 0 0 1 1 1 1
 0 0 0 1 1 1 1 1 1 1 1 1 1 0 0 0 1 1 1 1 0 0 0 0 0 0 1 0 1 0 0 0 0 0 0 0 1
 0 0 0 1 0 1 1 1 1 1 0 0 0 0 0 1 1 1 1 0 0 0 0 0 0 0]
time:20 0.86 0.49
[0 0 0 0 0 0 0 0 1 1 0 0 0 1 0 0 0 0 1 1 0 0 0 0 0 0 1 0 1 0 0 1 1 1 1 0 0
 1 1 0 1 1 0 0 1 1 1 1 0 0 0 1 1 1 1 1 1 1 0 0 0 0 0 0 0 0 0 0 0 0 0 1 1 1
 1 1 1 1 1 1 1 0 0 1 1 0 0 0 0 0 0 1 0 0 0 0 0 0 0 1]
time:21 0.93 0.51
[0 0 0 0 0 0 0 0 1 1 1 1 1 1 1 0 1 1 0 0 1 1 1 0 0 1 1 0 1 1 0 1 1 0 1 0 1
 0 0 0 1 1 0 0 1 1 0 0 0 0 1 0 0 1 1 1 1 0 0 0 0 0 0 1 1 0 0 0 0 0 0 0 0 1
 1 0 0 0 0 1 1 0 0 0 0 0 0 0 0 0 0 1 0 0 0 0 0 0 0 0]
time:22 0.85 0.46
[1 0 0 0 0 0 0 0 1 1 1 1 1 1 0 0 1 1 0 1 1 1 0 0 0 1 1 1 1 0 0 1 1 1 1 1 0
 0 0 0 0 1 1 1 1 1 0 0 0 0 0 0 0 1 0 0 1 0 0 0 0 0 0 1 1 1 1 0 0 0 0 0 0 1
 0 0 0 1 1 1 1 0 0 0 0 0 0 0 0 0 1 1 0 0 0 0 0 0 0 0]
time:23 0.84 0.58
[0 0 0 0 0 0 0 0 1 1 1 0 0 1 0 0 0 1 0 1 1 1 1 1 0 1 1 1 1 1 0 1 0 1 1 1 0
 0 0 1 0 1 0 1 1 1 1 0 0 1 1 0 0 0 1 1 1 0 1 1 0 0 0 0 0 1 1 0 0 0 0 0 0 1
 0 0 0 0 0 1 0 0 0 0 0 1 0 0 0 0 0 0 0 0 1 1 0 0 0 0]
time:24 0.89 0.47
[1 1 0 0 0 0 0 0 0 0 1 0 1 1 0 0 1 1 1 1 1 0 0 0 0 0 1 1 0 0 0 1 1 1 1 0 1
 0 1 0 0 1 0 0 0 1 0 0 0 0 0 0 0 0 1 1 1 0 1 1 0 0 1 1 0 0 1 0 0 0 0 0 0 1
 1 0 1 1 0 0 1 0 0 0 0 0 0 0 0 0 0 1 0 0 0 0 0 0 0 0]
time:25 0.8 0.49
[1 0 0 0 0 0 1 0 0 0 1 0 1 1 0 0 0 1 0 1 1 1 0 0 0 0 1 0 1 0 0 1 0 0 0 0 0
 0 0 0 0 1 0 0 1 1 0 1 0 0 0 1 1 1 1 1 1 1 0 0 0 0 1 1 1 1 1 1 0 0 0 0 1 1
 0 0 1 1 1 1 1 1 0 0 0 0 0 0 0 1 0 0 0 0 0 0 0 0 0 0]
time:26 0.78 0.53
[0 0 0 0 0 0 0 0 0 0 0 1 1 1 1 1 1 1 0 0 0 0 0 0 0 1 1 0 1 0 0 1 1 0 0 0 0
 0 0 0 0 0 0 0 1 1 0 0 0 0 0 0 0 0 0 1 1 0 0 0 0 0 1 0 0 1 1 0 0 0 0 0 0 1
 0 0 0 1 0 0 0 0 0 0 0 0 0 0 0 0 0 1 0 0 0 1 1 0 0 0]
time:27 0.8 0.51
[0 1 0 0 0 0 0 0 1 1 0 0 0 1 0 0 1 1 0 1 1 0 0 1 0 1 0 1 1 1 1 1 1 1 1 1 0
 0 0 0 1 1 1 1 1 1 1 0 0 1 0 0 0 0 1 1 1 0 1 0 0 0 0 0 1 1 0 0 0 0 0 0 0 1
 1 0 0 0 0 0 0 0 0 0 0 0 0 0 0 0 0 1 0 0 0 0 0 0 0 0]
time:28 0.83 0.43
[1 0 0 0 0 0 0 0 0 0 1 1 0 0 1 0 0 1 1 1 1 1 0 0 0 1 1 1 1 1 0 1 1 1 1 0 0
 0 0 0 1 1 1 1 1 0 0 1 1 0 0 1 0 1 1 1 1 0 1 0 0 0 0 1 1 1 1 0 0 0 0 0 0 1
 0 0 0 1 0 0 0 1 0 0 0 0 0 0 0 0 1 1 0 0 0 0 0 0 0 0]
time:29 0.88 0.5
[1 1 0 0 0 0 0 0 1 1 0 0 0 1 0 0 1 0 0 0 1 1 1 0 1 1 1 0 1 0 1 1 1 1 1 1 0
 0 0 1 1 1 1 1 1 1 1 1 1 1 1 1 1 1 1 1 1 0 0 0 0 0 0 0 0 1 1 0 0 0 0 0 0 1
 1 0 0 1 0 0 1 1 0 0 0 0 0 0 0 0 0 1 0 0 0 0 0 0 0 0]
time:30 0.75 0.44
[1 0 0 0 0 1 0 0 0 1 1 1 0 1 0 0 1 1 0 0 1 0 0 0 0 0 1 1 1 1 1 1 1 1 1 0 0
 0 0 1 1 1 1 0 1 1 1 1 1 1 0 0 1 1 1 1 1 1 1 0 0 0 0 1 1 1 1 0 0 0 0 1 0 0
 0 0 1 1 0 0 0 1 0 0 0 0 0 0 0 0 0 1 0 0 1 0 0 0 0 0]
time:31 0.88 0.46
[0 0 1 0 0 0 0 0 0 0 0 1 0 1 0 0 1 0 0 0 1 1 1 1 1 1 1 1 1 0 0 1 1 1 1 0 1
 1 1 1 1 1 0 0 1 1 1 1 1 0 1 0 0 0 1 1 1 1 1 1 1 0 0 1 0 1 1 0 0 0 1 1 1 1
 0 0 1 0 0 0 0 0 0 0 0 0 0 0 0 0 0 0 0 0 0 0 0 0 0 1]
time:32 0.82 0.46
[1 1 1 0 1 0 0 0 1 1 0 1 1 1 1 0 1 1 1 1 1 1 1 0 0 0 1 1 1 1 1 1 1 1 1 1 1
 1 1 0 0 0 0 0 0 0 0 0 0 0 0 1 1 1 1 1 1 1 0 0 0 1 0 1 0 0 0 0 0 0 0 1 1 1
 0 0 0 0 0 0 0 1 0 0 0 0 1 0 0 1 0 1 0 0 0 0 0 0 0 1]
time:33 0.87 0.4
[1 0 0 0 0 0 0 0 0 1 1 1 1 1 0 0 0 0 0 0 0 0 0 1 1 1 1 1 1 1 1 1 1 1 1 1 0
 0 1 1 1 1 1 1 1 1 1 1 0 0 0 0 0 1 1 1 1 0 0 0 0 0 0 0 1 1 1 0 0 0 0 1 0 1
 1 0 1 1 1 0 0 0 0 0 0 1 0 0 0 0 1 1 0 0 0 0 0 0 0 0]
time:34 0.89 0.52
[1 0 0 0 0 0 0 0 1 1 0 0 0 0 0 0 0 1 1 1 1 1 0 1 1 1 1 0 1 1 1 1 1 1 1 0 0
 1 1 0 0 1 1 1 1 1 1 0 0 0 0 1 0 0 0 1 1 1 1 1 0 0 0 0 0 1 1 0 0 0 0 0 0 0
 0 0 0 0 0 0 0 0 0 1 1 0 0 0 0 1 1 1 0 0 0 0 0 0 0 1]
time:35 0.81 0.43
[1 1 0 0 0 0 0 0 0 0 1 1 0 1 0 0 0 0 0 1 1 1 1 1 1 1 1 1 1 1 0 1 1 1 1 1 0
 0 1 0 1 1 1 1 1 1 0 0 0 0 1 1 1 1 1 1 1 0 0 0 0 0 1 1 1 1 1 0 0 0 0 0 1 1
 1 0 0 0 0 1 0 1 0 0 0 0 0 0 0 0 0 1 0 0 0 0 0 0 0 0]
time:36 0.89 0.44
[1 0 0 0 0 0 0 0 1 1 1 1 0 1 0 0 0 1 0 1 1 0 0 0 0 1 1 1 1 1 1 1 1 0 0 0 0
 0 0 1 1 1 0 1 1 1 1 1 0 1 1 1 1 1 1 1 1 0 1 1 0 0 0 0 1 1 1 0 0 0 0 1 1 1
 0 0 0 1 1 1 1 1 0 1 0 1 1 0 0 0 0 0 0 0 0 0 0 0 0 0]
time:37 0.85 0.4
[1 0 0 0 0 0 0 0 0 0 1 1 0 0 0 0 0 1 1 1 1 1 1 1 0 1 1 1 0 1 1 1 1 1 1 0 1
 0 0 1 1 1 0 1 1 1 0 1 0 1 1 1 1 1 1 1 1 1 0 0 0 0 0 1 0 1 0 0 0 0 0 1 1 1
 1 0 1 1 0 1 1 1 0 0 1 0 0 0 0 0 0 1 0 0 0 0 0 0 0 0]
time:38 0.78 0.49
[1 0 0 0 0 0 0 0 1 0 0 0 1 1 1 1 0 1 0 0 1 1 1 0 0 0 0 1 1 1 1 1 1 1 1 1 1
 0 0 0 0 0 1 1 1 1 0 1 0 0 1 1 1 0 1 1 1 0 0 1 1 1 0 1 1 1 0 1 1 1 1 0 0 1
 0 0 0 1 0 1 1 1 0 1 0 0 0 0 0 0 1 0 0 0 0 0 0 0 0 0]
time:39 0.86 0.47
[1 0 0 0 0 0 0 0 1 0 1 1 1 1 0 0 0 0 0 0 0 1 0 1 1 1 1 1 1 0 1 1 1 1 1 1 1
 1 0 0 1 1 1 1 1 0 1 1 0 0 0 0 0 1 1 1 1 1 1 0 0 0 0 1 1 1 0 0 0 0 0 0 0 1
 0 0 1 1 1 0 0 0 0 1 0 0 0 0 0 0 0 1 0 1 1 1 1 0 0 1]
time:40 0.84 0.49
[0 1 0 0 0 1 1 1 1 1 0 1 1 1 0 0 1 1 0 1 1 1 0 0 0 1 1 0 1 1 1 1 1 1 1 0 0
 0 0 1 1 1 1 1 1 1 1 0 1 1 1 1 1 0 1 1 1 1 1 0 0 1 0 1 1 1 1 1 0 0 0 0 1 1
 1 1 0 1 0 0 0 0 0 0 1 0 0 0 0 0 0 1 0 0 0 0 0 0 0 0]
time:41 0.76 0.5
[0 0 0 1 0 0 0 0 0 1 1 0 1 1 1 0 1 1 0 0 0 0 1 1 1 1 1 1 1 1 1 1 1 0 1 0 0
 0 0 0 1 1 1 0 1 1 1 1 1 1 1 1 1 0 1 1 1 1 0 0 0 0 0 0 0 1 0 0 0 1 0 1 0 1
 0 0 1 1 0 0 0 1 0 0 0 0 0 0 0 0 1 1 1 0 0 0 1 0 0 0]
time:42 0.95 0.51
[1 1 1 0 0 0 0 0 1 0 0 1 1 1 1 0 0 0 0 0 0 0 0 1 0 0 1 1 1 1 1 1 1 0 1 1 0
 0 0 0 1 1 0 1 1 0 1 1 0 1 1 0 1 1 1 1 1 1 0 0 0 1 1 1 0 0 1 0 0 0 0 0 0 1
 1 0 0 1 1 1 1 1 0 0 0 0 0 0 0 1 1 1 0 0 0 1 1 0 0 0]
time:43 0.82 0.47
[1 0 0 0 0 0 0 0 1 1 1 1 1 0 0 0 1 1 1 1 0 1 0 0 0 1 1 1 1 0 0 1 1 1 1 0 1
 0 0 0 0 1 0 0 0 0 0 1 1 1 1 0 0 1 1 1 1 1 1 0 0 0 0 0 0 0 1 0 0 0 0 0 1 1
 0 0 0 1 0 1 1 1 0 1 0 0 0 0 0 0 0 1 0 0 0 0 0 0 0 0]
time:44 0.82 0.41
[0 0 0 0 0 0 0 0 1 0 0 1 1 1 0 0 1 1 1 0 1 1 0 1 1 1 1 1 1 0 1 1 1 0 1 0 1
 1 1 1 1 1 1 1 1 1 1 1 0 0 1 1 0 1 1 1 1 1 0 0 0 1 1 1 1 1 0 0 0 0 0 0 0 1
 0 0 0 0 0 0 0 0 0 0 0 0 0 0 0 1 1 1 0 0 0 0 0 0 0 1]
time:45 0.84 0.52
[1 1 0 0 0 0 0 0 1 0 1 1 1 1 0 0 0 0 0 0 1 1 0 0 0 0 1 1 1 0 0 0 1 1 1 1 1
 1 1 0 0 1 1 1 1 1 0 1 0 0 1 1 1 1 1 1 1 0 1 1 0 0 0 0 1 1 0 0 0 0 0 0 1 0
 1 1 1 1 0 1 1 1 0 1 0 0 0 0 0 0 0 1 0 0 0 0 1 1 0 1]
time:46 0.91 0.49
[1 1 0 0 0 0 0 0 1 1 1 1 1 1 0 0 1 1 1 1 1 1 0 1 0 0 1 0 1 1 0 1 1 1 1 0 0
 0 0 1 0 1 0 1 1 1 0 1 1 0 0 0 1 1 1 1 1 1 0 0 0 0 0 0 0 1 1 1 0 1 0 1 1 1
 0 0 0 0 0 0 1 1 1 1 0 0 0 0 0 0 1 1 0 0 0 0 0 0 0 0]
time:47 0.79 0.51
[1 0 0 0 0 0 0 0 0 0 1 1 1 1 0 0 0 1 0 1 1 1 0 0 0 1 1 1 1 1 1 1 1 1 1 1 1
 1 0 1 1 1 0 1 1 1 1 1 0 0 0 0 0 0 0 1 1 0 0 0 0 0 1 0 0 0 1 0 0 0 0 0 0 1
 1 0 1 1 0 0 0 0 0 0 0 0 0 0 0 1 1 1 0 0 1 1 1 1 0 1]
time:48 0.84 0.55
[0 1 0 0 0 0 0 0 1 0 1 0 0 1 1 1 1 1 0 0 1 1 1 0 0 1 1 1 1 0 0 1 1 0 1 0 1
 0 0 0 1 1 1 0 1 1 0 1 0 1 0 0 1 0 1 1 1 1 1 1 0 0 0 0 0 1 0 0 0 0 0 0 1 1
 1 0 0 1 1 1 1 1 0 0 0 0 0 0 0 1 1 1 0 0 0 0 0 0 0 1]
time:49 0.85 0.53
[0 0 0 0 0 0 0 0 1 0 0 0 0 0 0 1 1 1 1 0 0 1 0 0 0 1 1 1 1 0 1 1 1 0 1 1 1
 1 1 0 1 1 1 1 1 1 1 0 0 1 0 0 0 1 1 1 1 1 1 1 0 0 0 0 1 1 1 1 1 0 0 1 1 1
 1 0 0 1 0 0 1 1 0 1 1 0 0 0 0 0 0 0 0 1 1 1 1 1 1 1]
0.4:4
0.41:1
0.43:6
0.44:3
0.46:6
0.47:1
0.49:8
0.5:10
0.51:5
0.52:3
0.55:1
0.57:2
