time:0 0.92 0.47
[1 0 0 1 1 1 1 0 0 1 1 1 1 1 0 1 1 0 0 0 1 1 0 0 1 1 1 0 1 0 1 1 0 1 0 0 0
 1 1 0 0 0 0 0 0 1 0 0 0 0 0 0 0 0 0 1 1 0 0 1 1 0 0 0 0 1 1 1 1 0 0 1 0 0
 0 0 0 1 1 1 0 0 0 0 1 0 0 0 0 0 1 0 0 0 0 0 1 0 0 1]
time:1 0.91 0.55
[0 0 1 1 0 0 1 0 1 0 0 0 1 1 0 0 0 1 0 0 1 0 0 1 1 0 0 1 1 0 1 1 1 0 0 0 0
 1 0 0 1 1 1 0 0 1 0 0 1 0 0 0 1 1 1 1 0 1 1 1 0 0 0 0 0 1 1 0 0 0 1 1 1 0
 0 0 0 1 1 1 1 1 0 1 0 0 0 1 0 0 0 1 1 1 1 0 1 1 0 0]
time:2 0.93 0.53
[1 1 1 1 1 1 0 0 1 0 0 0 0 1 0 1 0 0 1 0 0 1 1 1 0 1 0 0 0 0 1 1 1 0 0 0 1
 1 1 1 1 0 0 0 1 1 0 0 0 0 1 0 0 0 0 1 0 0 1 1 0 1 1 1 0 0 0 0 0 0 0 0 0 1
 1 0 0 0 1 1 0 1 1 1 0 0 1 1 1 0 1 1 0 0 1 1 1 0 0 0]
time:3 0.96 0.51
[1 1 1 1 1 1 1 1 1 0 0 1 0 1 1 0 1 1 1 1 1 1 1 1 1 1 1 1 1 0 0 1 0 0 0 0 0
 1 0 0 1 1 0 0 0 0 0 1 0 1 0 1 1 1 1 1 1 0 0 0 0 1 1 1 1 1 1 1 1 0 0 0 1 1
 1 1 1 1 1 0 1 0 0 0 0 1 1 1 1 1 1 1 1 1 1 0 0 0 1 0]
time:4 0.94 0.45
[0 0 1 1 1 1 1 1 1 1 1 1 1 1 1 0 0 1 1 1 1 0 0 0 1 1 1 1 1 0 1 1 1 0 0 0 0
 1 0 1 1 1 1 0 1 1 0 1 0 0 0 1 1 1 1 1 1 0 0 1 1 1 1 0 1 1 1 0 0 0 0 1 1 0
 0 1 0 0 1 1 1 1 0 0 1 0 1 0 0 1 1 1 1 1 1 0 1 1 1 0]
time:5 0.96 0.54
[1 0 1 1 1 1 1 1 1 0 0 1 0 1 1 0 0 0 0 1 0 0 0 0 0 0 0 1 1 0 0 1 0 1 0 0 0
 0 1 1 0 0 0 0 1 1 0 0 1 0 0 0 1 0 0 1 1 0 1 0 0 1 1 1 0 0 1 1 1 1 0 1 1 0
 0 0 0 1 1 0 0 0 1 1 1 1 0 0 1 1 1 1 1 0 0 0 0 1 0 1]
time:6 0.96 0.48
[0 0 1 0 1 1 1 1 1 0 1 1 1 1 1 1 1 1 0 1 1 1 0 0 1 1 1 1 1 1 0 0 1 1 1 0 0
 0 0 1 1 1 0 1 1 1 1 1 1 0 0 0 0 1 1 1 1 1 1 1 0 0 0 0 1 1 1 1 1 0 0 1 1 1
 0 0 1 1 1 1 1 0 1 0 0 0 1 0 0 0 0 1 1 0 0 0 0 1 0 1]
time:7 0.92 0.53
[1 1 1 1 1 0 0 0 1 0 1 1 1 1 0 0 1 1 0 1 1 1 1 1 1 1 1 1 0 0 0 0 0 1 0 0 0
 1 1 1 1 1 0 0 1 1 0 1 0 0 0 0 0 1 1 1 1 1 0 1 0 0 0 1 1 1 1 1 0 0 0 0 1 1
 0 0 0 1 1 1 0 0 0 1 1 1 1 1 1 0 1 1 1 0 0 0 1 1 1 0]
time:8 0.97 0.44
[1 1 0 1 0 0 0 1 1 0 0 1 1 0 0 0 1 1 1 1 1 1 1 1 1 1 1 1 1 1 1 1 0 1 1 0 0
 0 0 1 1 1 1 0 0 0 0 0 1 1 0 1 1 1 0 1 1 1 1 1 0 0 0 0 0 1 1 0 0 0 0 1 0 0
 0 0 1 1 1 1 1 1 0 0 0 0 0 1 0 1 1 1 1 1 1 1 0 0 1 0]
time:9 0.95 0.61
[0 1 1 1 1 1 1 1 0 0 0 0 0 0 1 1 1 1 1 0 1 1 1 1 0 1 0 1 1 0 1 1 0 0 0 0 0
 0 1 1 1 1 1 1 1 1 0 0 0 0 0 1 1 1 1 1 1 1 1 1 0 0 0 0 0 0 1 1 1 1 0 0 1 1
 0 0 1 1 0 0 1 1 1 1 0 0 0 0 0 0 0 1 1 1 1 1 1 1 1 0]
time:10 0.91 0.53
[1 1 0 1 1 1 0 1 1 0 0 0 1 1 1 1 1 0 1 0 0 1 1 1 1 1 1 0 0 0 0 1 1 1 0 0 1
 0 0 0 0 0 0 0 1 1 0 1 0 0 0 0 0 0 0 1 1 1 1 1 0 1 0 0 0 0 0 1 1 1 0 0 1 1
 1 0 1 0 1 1 0 0 0 0 0 0 0 1 1 1 1 1 0 0 0 0 0 0 1 1]
time:11 0.94 0.55
[1 1 0 1 1 1 1 1 1 0 0 1 1 1 1 1 0 1 1 1 0 1 1 1 1 1 1 1 1 0 1 1 1 0 0 1 1
 0 0 1 1 0 0 0 0 1 0 0 0 1 0 0 0 0 0 1 1 1 0 1 0 1 0 0 1 1 1 1 0 0 0 1 1 1
 1 1 1 0 0 0 0 0 0 1 1 0 1 0 0 0 1 1 1 1 1 1 1 0 1 1]
time:12 0.95 0.48
[0 0 0 1 1 0 0 1 0 0 1 1 1 1 1 0 1 1 1 0 1 0 0 0 0 1 1 1 1 1 1 0 1 0 0 0 1
 1 1 0 0 1 1 1 1 0 0 0 0 0 0 0 0 0 0 1 0 0 1 0 0 0 0 1 1 1 0 1 1 1 0 0 0 0
 0 0 1 1 0 0 0 0 0 1 1 1 1 0 0 1 1 0 1 1 0 1 0 0 0 0]
time:13 0.57 0.51
[0 0 0 0 0 0 0 0 0 0 0 0 0 0 0 0 0 0 0 0 0 0 0 0 0 0 0 0 0 0 0 0 0 0 0 0 0
 0 0 0 0 0 0 0 0 0 0 0 0 0 0 0 0 0 0 0 0 0 0 0 0 0 0 0 0 0 0 0 0 0 0 0 0 0
 0 0 0 0 0 0 0 0 0 0 0 0 0 0 0 0 0 0 0 0 0 0 0 0 0 0]
time:14 0.93 0.5
[1 0 1 1 0 1 0 0 0 1 0 1 0 0 0 0 0 1 0 0 1 1 1 1 1 1 1 0 0 1 1 1 1 1 0 1 0
 1 0 0 1 1 1 0 1 1 1 1 1 0 0 1 1 1 1 1 1 1 1 1 0 0 0 0 1 1 1 0 1 0 0 1 1 1
 1 1 0 0 1 1 0 0 0 1 1 0 0 0 1 0 0 0 0 1 0 0 0 0 1 1]
time:15 0.9 0.52
[0 1 1 1 0 0 0 0 1 1 1 0 1 1 0 0 0 1 1 0 0 0 1 0 1 1 1 1 0 1 1 1 0 1 1 1 0
 1 1 0 1 1 0 1 1 1 1 1 0 0 0 1 1 1 1 1 1 0 1 1 0 0 0 0 0 0 0 0 0 1 1 0 0 0
 1 0 1 1 0 0 0 1 1 0 0 0 1 0 1 1 0 0 0 0 1 1 0 0 0 1]
time:16 0.96 0.41
[1 1 0 1 1 1 1 1 1 1 1 1 0 0 1 1 1 1 1 1 0 1 1 1 1 0 0 1 1 1 1 1 1 1 0 0 1
 1 1 0 1 1 1 1 1 1 0 0 0 1 1 0 0 1 1 1 1 0 0 1 0 0 1 1 0 0 1 1 1 0 1 1 0 0
 0 0 1 1 1 1 1 0 0 0 0 0 0 0 0 0 1 0 0 1 1 1 1 0 1 0]
time:17 0.53 0.51
[0 0 0 0 0 0 0 0 0 0 0 0 0 0 0 0 0 0 0 0 0 0 0 0 0 0 0 0 0 0 0 0 0 0 0 0 0
 0 0 0 0 0 0 0 0 0 0 0 0 0 0 0 0 0 0 0 0 0 0 0 0 0 0 0 0 0 0 0 0 0 0 0 0 0
 0 0 0 0 0 0 0 0 0 0 0 0 0 0 0 0 0 0 0 0 0 0 0 0 0 0]
time:18 0.92 0.49
[1 1 0 1 1 1 1 1 1 1 1 1 1 1 1 1 1 1 0 1 1 1 1 1 1 1 0 0 1 1 1 1 1 1 0 0 1
 1 0 0 0 0 1 1 0 0 0 0 1 0 0 0 1 1 1 1 1 1 0 1 0 1 1 1 1 1 1 1 1 0 0 1 1 1
 0 1 1 1 0 1 1 0 0 0 1 1 1 0 1 1 0 1 1 1 1 1 1 1 1 1]
time:19 0.93 0.52
[1 1 1 1 1 1 0 0 0 0 0 0 1 1 0 0 1 1 1 1 0 0 0 0 1 1 1 1 0 1 1 0 0 0 1 0 1
 1 0 0 1 0 0 1 1 0 0 0 1 0 0 1 0 0 0 0 0 0 1 1 0 0 0 0 0 0 0 1 1 0 0 1 0 0
 0 0 0 1 1 1 1 1 1 1 1 0 0 0 0 0 0 1 1 1 1 1 1 1 0 1]
time:20 0.9 0.51
[0 1 1 1 1 1 1 1 1 1 1 0 1 1 1 0 1 1 1 1 1 1 1 1 1 1 1 1 0 0 1 1 0 0 0 0 1
 0 1 0 1 1 1 1 0 1 0 0 0 0 0 0 1 1 1 0 1 1 0 1 0 0 0 1 1 1 1 0 0 1 1 0 0 1
 0 0 0 0 0 1 1 0 0 0 1 1 1 0 0 0 1 0 0 1 0 1 1 1 1 0]
time:21 0.97 0.52
[1 1 1 0 0 0 1 1 1 1 1 0 1 1 1 1 1 1 1 1 1 1 1 1 1 1 1 1 0 0 1 1 1 1 1 0 1
 1 1 0 0 0 1 1 1 1 0 1 1 0 0 0 0 1 1 1 1 1 1 1 0 0 0 0 0 0 0 0 0 0 0 1 1 0
 0 1 0 1 1 1 1 0 0 1 1 0 0 1 1 1 1 1 1 1 1 1 1 0 0 1]
time:22 0.88 0.53
[0 1 0 0 0 0 1 0 0 0 0 0 0 0 0 1 0 1 1 1 1 1 0 1 0 0 1 0 0 0 0 0 0 0 0 0 0
 0 1 0 1 1 0 0 1 1 0 1 0 0 0 0 1 1 1 1 1 0 0 1 0 0 0 0 0 0 0 0 0 0 0 1 1 1
 0 0 0 0 1 0 0 1 1 1 0 0 0 0 0 0 0 0 0 0 0 0 1 0 0 0]
time:23 0.93 0.51
[1 0 1 1 0 1 1 1 1 0 0 1 1 1 1 0 1 1 1 1 1 1 0 1 1 1 1 0 1 1 0 1 0 1 1 0 0
 0 0 1 0 1 1 1 1 1 0 0 0 1 1 1 0 1 1 1 1 1 1 0 0 0 0 1 1 1 1 0 0 1 0 0 1 0
 0 0 0 0 1 1 0 0 0 0 0 1 1 0 1 1 0 0 0 1 0 0 0 1 0 1]
time:24 0.97 0.45
[1 0 0 0 1 1 0 1 1 1 1 1 1 0 0 0 1 1 0 0 0 0 0 0 1 1 1 0 0 0 1 1 0 1 0 1 1
 1 0 0 1 1 1 1 1 1 1 1 1 0 0 0 1 1 1 1 1 0 1 1 0 0 0 0 0 0 0 0 1 1 0 0 0 1
 0 1 1 1 1 1 0 0 0 0 0 0 0 0 1 1 0 1 0 1 1 1 1 0 1 0]
time:25 0.93 0.58
[0 1 1 1 1 1 1 1 1 1 1 1 1 1 1 1 1 1 1 1 1 1 1 1 1 1 1 0 0 1 1 1 0 0 1 1 1
 1 0 1 1 1 0 0 1 1 0 0 0 1 0 0 0 1 1 1 1 1 0 0 0 0 0 0 1 1 1 0 1 1 0 0 0 0
 0 0 0 0 1 0 1 1 1 1 0 1 1 1 0 1 1 1 1 1 1 1 1 0 1 1]
time:26 0.86 0.47
[0 0 1 1 1 1 1 1 1 1 1 1 1 1 1 1 1 1 1 1 1 0 0 1 1 1 1 1 1 1 1 1 1 0 0 0 1
 1 1 1 0 0 0 0 0 1 1 1 1 1 1 0 0 0 0 1 1 1 1 0 1 1 0 0 0 0 0 0 0 0 0 0 0 0
 0 0 0 0 0 0 0 0 0 0 0 0 0 0 0 0 1 1 1 1 1 1 1 1 1 0]
time:27 0.91 0.48
[1 0 0 0 1 1 1 0 0 0 0 1 1 1 1 1 1 1 1 0 1 0 0 0 1 1 0 0 1 0 0 0 0 1 0 1 1
 1 1 0 1 1 1 1 1 0 1 1 0 0 0 0 1 1 1 1 1 1 1 0 0 0 1 0 0 0 0 1 1 0 0 0 1 0
 0 0 1 1 1 1 1 1 0 1 1 0 0 1 1 1 1 1 0 1 0 1 1 0 1 1]
time:28 0.97 0.53
[0 1 1 1 1 0 0 1 0 0 1 1 0 1 1 1 0 0 1 0 0 1 1 1 1 1 0 1 1 0 1 0 1 1 1 0 1
 1 1 1 0 0 0 1 1 1 0 1 0 0 1 0 0 0 0 1 1 0 0 0 1 0 0 0 0 0 0 0 0 0 1 1 1 1
 0 0 0 1 1 0 0 1 0 0 0 1 1 1 0 0 0 1 1 0 1 0 0 0 0 1]
time:29 0.94 0.48
[0 1 1 1 1 0 1 0 0 0 0 1 1 1 0 0 0 1 0 0 0 1 1 0 0 1 1 0 0 0 0 1 1 0 1 0 0
 0 0 1 1 1 1 1 1 1 1 1 1 1 0 1 1 1 1 1 1 0 1 1 0 1 1 1 0 0 0 0 0 0 0 0 1 1
 1 0 1 1 1 1 1 1 0 1 0 0 0 0 0 0 1 0 1 1 1 0 0 1 1 1]
time:30 0.52 0.51
[0 0 0 0 0 0 0 0 0 0 0 0 0 0 0 0 0 0 0 0 0 0 0 0 0 0 0 0 0 0 0 0 0 0 0 0 0
 0 0 0 0 0 0 0 0 0 0 0 0 0 0 0 0 0 0 0 0 0 0 0 0 0 0 0 0 0 0 0 0 0 0 0 0 0
 0 0 0 0 0 0 0 0 0 0 0 0 0 0 0 0 0 0 0 0 0 0 0 0 0 0]
time:31 0.98 0.44
[0 0 1 1 0 1 1 1 1 0 1 1 1 1 0 1 1 1 1 1 1 0 0 0 1 1 1 0 1 0 1 1 0 0 0 0 0
 1 1 1 0 1 0 1 0 1 1 0 1 0 1 0 0 0 1 0 0 0 0 0 0 0 1 0 1 1 0 1 0 1 0 1 1 0
 0 0 1 1 1 0 0 0 1 1 1 0 0 0 0 1 0 0 0 1 1 1 1 0 1 0]
time:32 0.96 0.62
[1 1 0 1 1 1 0 1 1 0 0 0 1 1 0 0 0 1 0 1 1 1 0 0 0 1 0 0 1 0 0 0 1 0 0 0 0
 1 0 0 0 0 0 1 1 1 0 0 0 0 0 0 0 0 0 0 0 0 1 1 0 0 0 0 0 0 0 0 0 1 1 0 0 1
 0 0 0 1 0 1 1 1 1 1 0 1 0 0 0 0 1 0 1 1 0 1 1 1 0 1]
time:33 0.91 0.51
[1 1 1 1 1 1 1 1 1 1 0 1 1 0 0 1 1 1 0 1 1 0 0 0 1 1 1 1 1 0 1 1 0 0 0 0 1
 1 1 1 0 1 1 1 1 1 0 1 0 0 0 0 0 0 1 1 1 0 1 1 0 1 0 0 1 1 1 1 0 0 1 1 1 1
 0 0 1 1 1 1 1 1 0 1 1 1 1 1 0 0 1 1 0 0 1 1 1 1 0 1]
time:34 0.89 0.53
[0 0 0 0 1 0 1 0 1 1 0 0 0 1 1 1 0 1 0 1 1 0 1 0 1 1 1 0 1 1 0 1 0 1 1 0 1
 1 1 1 0 1 1 1 1 0 0 1 0 0 0 0 1 0 0 1 0 0 0 0 0 0 0 0 0 1 1 1 0 0 0 0 0 0
 0 1 1 1 1 1 0 0 0 0 0 0 1 1 1 0 0 1 0 0 1 1 1 1 1 1]
time:35 0.98 0.5
[0 0 1 1 1 1 0 1 0 0 0 1 1 1 0 1 1 0 0 1 0 0 0 0 1 1 1 1 1 1 0 0 0 0 1 0 0
 0 1 1 0 0 0 0 0 1 0 0 0 1 1 0 1 1 1 0 1 1 1 1 0 0 0 0 1 1 1 1 1 0 0 0 0 0
 0 0 1 1 1 0 0 0 1 1 1 0 1 0 0 1 1 0 0 0 1 1 1 1 1 0]
time:36 0.54 0.51
[0 0 0 0 0 0 0 0 0 0 0 0 0 0 0 0 0 0 0 0 0 0 0 0 0 0 0 0 0 0 0 0 0 0 0 0 0
 0 0 0 0 0 0 0 0 0 0 0 0 0 0 0 0 0 0 0 0 0 0 0 0 0 0 0 0 0 0 0 0 0 0 0 0 0
 0 0 0 0 0 0 0 0 0 0 0 0 0 0 0 0 0 0 0 0 0 0 0 0 0 0]
time:37 0.92 0.44
[1 0 1 1 1 1 1 1 0 1 1 1 0 1 1 1 0 1 1 1 1 0 0 1 1 1 1 0 0 0 1 0 0 1 1 0 1
 1 1 1 1 0 0 0 1 1 1 0 0 1 0 1 1 1 0 1 1 1 0 1 0 1 0 0 0 1 1 1 0 0 0 1 0 0
 0 1 1 0 0 1 1 0 0 0 0 0 0 1 1 0 1 0 1 1 1 1 1 0 1 1]
time:38 0.96 0.5
[0 1 0 0 1 0 1 1 1 1 1 1 0 0 0 0 1 0 0 1 1 0 0 1 1 1 1 0 0 0 0 1 1 0 0 0 0
 1 1 0 0 0 0 1 1 1 0 0 0 1 1 1 1 0 0 1 1 0 0 1 0 0 0 0 0 0 1 1 0 0 1 1 1 1
 0 0 1 1 1 0 0 0 0 1 1 0 1 1 1 1 0 1 0 1 0 0 0 1 1 1]
time:39 0.9 0.53
[0 1 0 0 1 1 1 1 1 1 0 1 1 1 1 1 1 1 1 1 1 1 1 0 0 1 1 1 1 0 0 0 0 0 1 0 0
 1 1 1 1 0 1 1 1 1 1 0 0 1 1 0 0 0 0 1 1 0 0 0 0 0 0 0 0 0 0 0 1 0 0 1 1 1
 1 0 0 1 1 1 0 1 1 0 1 0 0 0 0 1 1 1 1 1 1 0 0 0 0 0]
time:40 0.89 0.58
[1 1 1 1 1 1 1 1 1 1 1 1 1 1 0 0 1 1 1 1 1 0 0 0 0 0 0 0 1 1 1 0 1 0 0 0 1
 0 0 1 0 0 0 0 1 0 0 1 0 0 0 0 1 0 1 1 1 1 1 1 0 0 0 1 1 1 1 1 0 0 1 1 0 1
 1 1 0 1 1 0 0 0 0 1 1 0 0 0 0 1 0 0 1 1 1 1 0 0 1 1]
time:41 0.94 0.47
[1 0 1 1 1 1 1 1 0 1 0 1 0 1 1 1 1 1 1 1 1 0 0 1 1 1 1 1 0 0 1 1 1 0 0 0 0
 0 1 1 0 0 0 1 1 1 0 0 0 1 1 1 1 1 0 0 0 0 0 1 0 1 0 0 0 1 1 0 0 0 1 1 1 0
 0 0 1 1 0 1 0 1 0 0 1 0 0 1 0 0 1 1 1 1 1 1 1 0 0 1]
time:42 0.96 0.55
[1 1 1 1 1 1 1 0 1 1 1 1 1 1 0 1 1 1 1 0 1 0 0 1 1 1 0 0 1 0 0 1 0 0 0 0 1
 1 0 1 1 0 1 1 1 0 0 1 1 1 0 0 0 1 1 1 1 1 1 1 0 1 0 0 1 1 1 1 1 1 1 1 0 1
 1 0 0 1 0 0 0 0 0 0 1 0 1 0 0 0 1 1 1 1 1 0 0 1 0 0]
time:43 0.91 0.42
[0 0 0 0 1 0 0 1 1 0 1 1 1 1 0 1 1 1 0 1 1 1 0 1 1 1 0 1 1 1 1 1 1 1 1 0 0
 0 0 0 1 0 0 0 0 0 1 0 1 0 0 1 1 1 1 0 1 1 1 0 0 1 1 1 0 1 0 0 0 0 1 0 0 1
 0 1 0 1 0 0 1 1 1 1 1 0 0 0 0 0 1 0 0 1 1 1 1 0 0 1]
time:44 0.95 0.46
[0 0 0 1 1 1 1 1 1 1 1 1 0 1 1 1 1 1 1 1 1 1 0 0 1 1 1 1 1 0 1 1 0 1 0 0 1
 0 0 0 1 1 1 1 1 0 0 1 1 0 0 1 1 1 0 1 1 0 1 0 0 1 0 1 1 0 0 0 0 0 0 1 1 0
 1 1 0 0 0 0 0 0 0 0 0 0 0 1 1 0 0 0 1 1 1 1 1 1 1 1]
time:45 0.88 0.58
[1 1 0 1 1 1 1 1 1 1 0 1 0 0 0 0 1 1 1 0 1 1 1 1 0 0 1 0 0 0 1 1 0 0 1 1 1
 0 1 1 1 1 0 1 1 1 0 1 0 0 0 0 1 1 0 1 0 0 1 0 0 0 0 1 1 1 0 0 1 1 0 0 1 0
 0 0 1 1 1 0 0 0 0 1 1 0 0 0 0 1 0 0 1 1 1 1 1 1 1 1]
time:46 0.54 0.51
[0 0 0 0 0 0 0 0 0 0 0 0 0 0 0 0 0 0 0 0 0 0 0 0 0 0 0 0 0 0 0 0 0 0 0 0 0
 0 0 0 0 0 0 0 0 0 0 0 0 0 0 0 0 0 0 0 0 0 0 0 0 0 0 0 0 0 0 0 0 0 0 0 0 0
 0 0 0 0 0 0 0 0 0 0 0 0 0 0 0 0 0 0 0 0 0 0 0 0 0 0]
time:47 0.94 0.48
[1 0 0 1 1 1 1 1 1 0 0 1 1 0 1 1 1 1 1 1 1 0 0 0 0 1 1 1 1 0 1 1 0 1 1 0 0
 1 1 1 0 1 0 0 1 0 1 1 0 0 0 0 1 1 0 1 1 1 1 1 0 0 0 1 0 1 0 0 1 0 0 1 1 1
 1 1 0 0 0 0 1 0 0 0 1 0 1 1 0 0 1 1 0 0 0 1 0 0 1 1]
time:48 0.93 0.46
[0 0 0 1 0 0 0 0 0 0 0 0 1 1 0 0 1 1 1 1 1 1 0 1 1 1 0 0 0 0 1 1 1 1 1 1 0
 0 1 1 1 1 0 1 1 1 1 1 0 0 0 1 1 1 1 1 1 0 0 0 0 0 1 1 0 0 1 1 0 0 0 1 1 0
 0 0 0 0 1 1 1 1 0 1 1 1 1 0 1 0 0 0 0 0 1 1 1 0 1 1]
time:49 0.96 0.49
[1 1 1 0 0 1 1 1 0 1 1 1 1 1 1 1 1 0 1 1 1 1 1 1 1 1 1 1 1 1 1 1 0 0 1 0 0
 1 1 0 0 1 1 1 1 0 0 1 1 0 0 0 0 1 1 1 1 1 1 1 0 0 1 1 1 1 0 0 1 1 0 1 0 0
 0 0 0 1 1 1 0 0 0 1 0 1 0 1 1 1 0 0 0 0 0 1 1 1 1 1]
0.4:1
0.41:1
0.43:3
0.44:2
0.46:5
0.47:5
0.49:2
0.5:12
0.51:3
0.52:7
0.54:1
0.55:3
0.57:3
0.61:1
0.62:1
[46, 55, 52, 50, 44, 54, 47, 52, 43, 61, 52, 55, 47, 50, 50, 51, 40, 50, 49, 51, 50, 51, 52, 50, 44, 57, 46, 47, 52, 47, 50, 43, 62, 50, 52, 50, 50, 43, 50, 52, 57, 46, 55, 41, 46, 57, 50, 47, 46, 49]
49.82 21.1876
