time:0 0.96 0.43
[0 0 0 0 0 1 1 0 1 0 0 1 1 1 1 0 1 1 1 1 1 1 0 0 1 1 1 0 0 1 1 1 1 1 0 1 1
 1 1 1 1 0 1 1 1 1 1 1 0 0 1 1 1 1 1 1 1 1 1 1 0 0 1 1 1 1 0 0 0 0 0 0 0 1
 0 0 0 0 0 1 1 0 0 1 1 0 0 0 0 1 1 0 0 0 1 1 1 0 0 1]
time:1 0.98 0.46
[1 1 1 1 1 1 1 1 1 1 0 1 0 1 1 0 1 1 1 1 0 0 0 0 0 0 1 0 1 0 1 1 1 0 1 1 1
 1 1 1 1 0 1 1 1 1 1 1 0 0 0 1 1 1 1 1 1 1 1 1 1 0 1 1 1 0 1 1 1 0 0 1 0 1
 0 0 1 0 1 0 1 0 1 1 0 0 0 0 0 0 0 1 0 0 1 1 0 0 0 0]
time:2 0.99 0.45
[1 1 0 1 1 1 1 1 1 1 1 1 1 1 1 1 1 1 1 1 1 1 0 0 1 1 1 0 0 1 1 1 0 1 1 0 1
 1 1 1 1 1 1 1 1 1 0 1 1 0 0 1 1 1 0 1 0 0 1 1 1 0 1 1 0 1 1 0 1 1 1 1 0 1
 0 0 0 0 0 0 0 1 0 1 1 0 1 0 0 0 1 0 0 0 1 1 1 1 1 1]
time:3 0.99 0.5
[1 1 1 1 0 1 1 1 1 1 0 0 0 1 1 1 1 1 1 1 1 1 1 1 1 1 1 1 1 0 1 1 1 1 1 0 1
 1 1 1 1 1 0 1 0 1 1 1 1 1 1 1 0 0 1 1 1 0 1 1 1 1 1 0 1 0 1 1 0 0 0 1 0 0
 1 0 0 1 1 0 1 0 0 0 0 1 0 0 0 0 0 1 1 1 0 1 0 0 0 0]
time:4 0.96 0.51
[0 1 1 1 1 1 1 1 1 0 1 0 1 1 0 1 1 1 1 1 1 0 0 0 0 1 1 1 1 0 0 1 1 0 1 1 1
 0 1 1 0 1 0 0 1 0 1 1 1 1 1 0 0 1 1 1 0 0 0 1 0 0 0 1 0 0 1 1 1 1 1 0 0 0
 1 0 0 0 0 0 1 0 0 0 0 0 1 1 0 0 1 1 0 0 0 0 1 1 1 0]
time:5 0.52 0.49
[1 1 1 1 1 1 1 1 1 1 1 1 1 1 1 1 1 1 1 1 1 1 1 1 1 1 1 1 1 1 1 1 1 1 1 1 1
 1 1 1 1 1 1 1 1 1 1 1 1 1 1 1 1 1 1 1 1 1 1 1 1 1 1 1 1 1 1 1 1 1 1 1 1 1
 1 1 1 1 1 1 1 1 1 1 1 1 1 1 1 1 1 1 1 1 1 1 1 1 1 1]
time:6 0.98 0.54
[1 1 1 1 1 1 1 1 1 1 1 1 1 1 0 0 1 1 1 0 1 0 0 0 0 1 1 0 0 1 1 1 0 0 1 1 1
 1 1 0 0 1 1 1 1 0 1 1 0 0 1 0 1 1 1 1 0 0 1 1 0 0 1 1 1 1 1 1 1 1 0 0 0 1
 1 0 1 1 0 0 1 0 0 0 0 0 0 1 0 1 0 1 1 1 0 1 1 0 0 0]
time:7 0.97 0.5
[0 1 1 1 1 1 0 0 1 1 1 1 0 1 0 0 1 0 1 1 1 0 0 1 0 0 0 1 0 1 1 1 1 1 1 1 1
 1 1 1 0 1 1 1 1 1 1 1 1 1 1 0 0 0 1 1 0 0 1 0 0 0 0 0 1 0 0 1 1 1 1 0 0 0
 0 1 1 0 0 1 1 1 0 0 1 0 1 1 0 0 1 1 1 0 0 0 1 1 1 0]
time:8 0.97 0.47
[0 1 1 0 0 1 1 1 1 0 1 1 1 1 0 0 1 1 1 1 1 1 0 0 1 1 1 1 1 0 0 1 1 0 0 0 1
 1 1 1 1 0 1 1 1 1 0 1 1 0 1 0 0 1 1 1 1 1 1 1 1 1 1 0 1 1 1 0 1 1 1 0 0 0
 1 0 0 1 0 1 1 0 0 1 0 0 0 0 0 1 1 1 1 1 0 0 0 1 1 1]
time:9 0.98 0.57
[0 1 1 1 0 1 1 1 1 1 1 1 0 1 1 0 1 1 1 1 0 0 1 1 0 1 1 1 0 1 1 1 1 1 1 1 1
 1 1 1 1 1 0 0 1 1 1 0 0 1 1 0 0 0 1 1 1 1 1 1 0 0 0 0 1 1 1 0 1 1 1 1 0 1
 0 0 0 1 1 0 1 0 0 1 1 1 0 0 0 1 1 1 1 0 0 1 1 1 1 1]
time:10 0.98 0.48
[0 1 0 0 0 1 1 0 0 1 1 1 0 1 0 0 0 1 1 1 1 1 0 0 1 1 0 1 1 0 1 1 0 1 1 1 1
 1 0 1 0 0 1 1 1 0 1 1 0 1 1 0 0 0 1 1 0 0 1 1 1 0 0 1 1 1 0 0 0 0 0 0 0 1
 0 0 0 0 0 1 1 1 0 0 0 0 1 0 0 0 0 1 1 0 0 1 0 1 1 0]
time:11 0.98 0.43
[1 1 1 0 1 1 1 0 1 1 1 1 0 1 1 1 1 0 1 1 1 1 1 1 1 1 1 1 1 0 0 1 1 1 1 0 0
 1 1 1 1 1 0 1 1 1 1 1 1 1 1 1 1 1 1 1 0 0 0 1 1 0 0 0 1 0 0 0 1 1 1 1 0 0
 0 0 0 0 1 1 1 0 0 0 1 0 0 0 0 1 1 1 0 0 1 1 1 1 1 0]
time:12 0.97 0.47
[1 1 0 0 1 1 1 0 0 1 1 1 1 1 0 0 1 1 1 1 1 0 0 0 0 1 1 0 0 0 0 1 0 1 1 0 0
 1 1 1 0 0 0 0 1 0 1 1 0 1 1 1 1 1 1 1 1 0 1 0 0 1 0 1 1 0 1 1 1 1 1 0 0 1
 0 0 1 0 0 0 1 0 0 0 1 0 0 0 0 0 1 1 1 1 0 1 0 1 0 1]
time:13 0.98 0.54
[0 0 1 0 0 1 1 1 1 0 0 1 1 1 0 0 0 1 1 1 1 1 0 0 0 1 1 1 1 1 1 1 1 1 0 0 0
 1 1 1 0 1 1 1 1 0 1 1 0 0 1 0 0 0 0 0 1 1 1 1 1 1 1 0 1 1 1 0 1 0 0 0 1 0
 1 0 0 1 1 1 0 0 0 1 0 0 1 0 0 1 1 1 1 1 1 1 1 1 1 1]
time:14 0.99 0.49
[1 1 0 0 1 1 1 1 1 1 1 1 0 0 0 0 1 1 1 1 1 0 0 0 1 1 1 0 0 1 1 1 0 0 1 0 1
 1 1 1 0 1 0 1 1 1 1 1 0 0 0 0 1 1 1 0 0 0 1 1 0 0 0 1 1 1 1 1 1 0 1 0 0 1
 1 0 0 1 0 0 1 1 0 0 0 0 0 0 0 1 0 1 0 0 0 1 1 0 0 1]
time:15 0.98 0.51
[1 1 1 0 0 1 0 0 0 0 0 1 1 1 0 1 1 1 0 1 1 0 0 1 0 1 1 0 1 0 0 0 0 0 1 0 0
 0 1 0 1 1 0 0 1 0 1 1 0 0 0 0 0 1 1 1 0 1 0 1 1 0 0 1 1 0 0 0 0 0 1 0 0 0
 0 0 1 1 1 1 0 0 0 0 0 1 0 0 0 1 1 1 1 1 0 1 1 0 1 1]
time:16 0.97 0.48
[0 0 0 0 1 1 1 1 1 1 1 1 1 1 1 1 1 1 1 0 1 1 0 0 0 1 0 1 1 1 1 0 1 1 1 1 1
 1 0 1 0 0 1 0 1 0 1 1 1 0 1 0 0 0 0 1 0 0 1 1 1 0 0 1 1 0 0 1 0 0 1 0 0 0
 1 0 0 1 0 1 1 1 0 0 1 0 0 1 0 0 1 1 0 0 0 0 0 0 0 1]
time:17 0.98 0.51
[1 1 1 1 0 1 0 0 0 1 0 1 1 1 0 0 1 1 0 1 1 0 0 1 1 1 0 1 1 1 1 1 0 1 1 0 1
 1 0 0 1 0 0 1 1 0 0 1 1 1 1 0 0 1 1 1 0 0 1 1 0 1 0 0 0 1 1 1 1 0 1 0 0 0
 0 1 1 1 1 1 0 0 0 1 0 0 0 0 0 1 1 1 1 0 0 1 1 0 0 1]
time:18 0.99 0.51
[1 1 1 0 1 1 1 0 1 1 1 1 0 0 0 0 1 1 0 1 1 0 1 1 1 1 1 0 1 1 0 1 0 0 0 0 0
 1 1 1 0 0 1 0 1 1 1 1 0 0 1 0 0 1 1 1 1 0 1 0 0 1 1 0 0 0 1 0 0 1 0 1 0 0
 0 0 1 1 1 1 1 0 0 0 0 0 1 0 0 0 1 1 1 0 1 1 1 0 0 1]
time:19 0.96 0.39
[1 0 0 1 1 1 0 0 1 0 1 1 1 1 1 0 1 1 1 1 1 1 0 0 1 1 1 1 1 0 1 1 1 0 1 0 1
 1 1 0 1 0 0 1 1 1 1 1 0 0 1 1 1 1 1 1 0 0 0 0 0 1 1 0 1 1 0 0 0 0 0 0 0 1
 0 0 0 1 1 0 1 0 0 0 1 0 0 0 0 0 0 0 0 0 1 1 1 0 1 1]
time:20 0.97 0.44
[1 1 1 1 1 1 0 0 0 0 0 1 1 1 0 0 1 0 1 1 1 0 0 1 1 1 1 0 0 1 0 0 1 1 0 1 1
 0 1 1 0 1 1 1 1 1 1 1 1 0 0 0 1 0 1 1 1 1 1 1 1 1 0 1 1 1 1 1 1 1 1 0 1 1
 0 0 1 0 0 1 1 1 0 0 0 0 1 0 0 1 1 1 1 0 0 0 0 1 1 1]
time:21 0.99 0.44
[1 1 1 0 0 1 0 0 1 1 1 1 0 1 0 0 1 1 1 1 1 1 1 0 0 0 1 1 1 1 1 1 1 1 0 0 1
 1 1 1 0 1 1 1 1 0 0 1 1 1 1 0 0 1 1 1 1 0 1 1 1 1 1 1 1 1 1 1 0 0 0 0 1 1
 1 0 0 1 0 1 1 0 0 0 0 0 0 0 0 0 1 1 1 0 1 0 1 1 1 0]
time:22 0.97 0.43
[1 1 1 1 0 1 1 1 0 0 0 1 1 1 0 0 1 1 0 0 1 1 0 0 1 1 1 0 0 1 1 1 1 0 1 1 1
 1 1 1 0 1 0 0 1 0 1 1 1 0 0 1 1 1 1 1 0 0 1 1 1 1 1 1 1 1 1 0 0 0 0 0 0 0
 0 0 1 1 1 1 1 0 0 0 1 1 1 0 0 1 1 1 0 0 0 1 1 1 1 1]
time:23 1.0 0.44
[1 1 1 0 1 1 1 1 1 0 1 1 1 1 0 0 1 1 0 1 1 1 0 0 0 1 1 1 1 0 1 1 1 0 1 0 1
 1 1 1 0 1 1 1 1 0 1 1 0 0 1 0 0 1 1 1 0 0 1 1 1 1 1 1 1 1 1 1 1 1 1 0 0 1
 1 0 0 1 0 0 1 0 0 0 0 0 0 0 0 0 1 1 1 0 0 0 0 0 1 1]
time:24 0.99 0.44
[1 1 0 0 0 1 1 1 0 1 0 1 0 1 1 0 1 1 1 1 1 0 0 0 1 1 1 0 0 1 0 1 0 0 1 0 1
 1 1 1 0 1 1 1 1 1 1 1 0 0 0 0 1 1 1 0 1 0 0 1 0 1 1 1 0 1 1 0 0 0 0 0 0 1
 0 0 0 0 1 1 0 0 0 0 1 0 1 0 0 1 1 1 0 0 0 0 0 0 1 1]
time:25 1.0 0.46
[1 1 0 0 0 1 1 1 1 0 0 1 0 1 0 0 1 1 0 1 1 0 0 0 0 1 1 0 1 0 0 0 1 0 0 0 0
 1 1 1 1 0 0 0 0 1 1 1 0 0 0 0 1 0 1 1 1 0 0 1 1 0 1 1 1 1 0 0 0 0 0 0 0 1
 0 0 1 1 0 1 1 0 0 0 0 0 0 0 0 0 0 1 1 0 1 1 1 0 0 0]
time:26 0.94 0.49
[1 0 0 0 0 1 1 1 1 1 1 0 1 1 1 1 0 0 1 0 1 1 0 0 0 0 1 0 0 0 1 1 1 0 0 1 0
 1 1 1 0 1 1 1 1 1 1 1 1 1 0 0 0 1 0 1 0 1 1 1 1 1 1 1 1 0 1 0 0 0 1 1 0 1
 1 0 1 0 0 0 1 0 0 0 1 1 0 0 0 0 0 0 1 0 1 1 1 1 0 1]
time:27 0.99 0.46
[1 1 0 1 1 1 0 0 1 1 1 1 0 1 1 0 0 1 1 1 1 1 0 0 1 1 1 1 0 1 1 0 1 1 0 1 1
 1 1 0 1 1 0 1 1 1 0 0 1 1 1 0 1 1 1 1 1 1 1 1 0 1 1 1 1 1 1 1 1 0 0 1 0 0
 0 0 1 1 1 0 1 0 0 0 0 0 1 0 0 0 1 1 1 0 1 1 1 0 0 1]
time:28 0.99 0.5
[1 1 1 1 1 1 1 1 1 1 1 1 0 1 1 1 1 1 1 1 1 0 0 1 1 1 1 1 1 0 0 1 1 0 1 1 1
 1 1 1 1 1 1 0 1 1 1 1 1 1 0 0 0 0 1 1 1 0 1 0 0 1 1 1 1 0 0 0 0 0 0 0 0 1
 0 1 1 0 0 1 1 1 0 0 1 1 0 0 0 1 0 1 0 0 1 1 1 1 1 1]
time:29 0.98 0.52
[1 1 0 0 0 1 1 0 1 1 1 1 0 1 1 1 1 1 1 1 1 0 0 0 0 1 0 1 1 1 0 0 0 1 1 1 1
 1 0 1 1 1 1 1 1 1 0 1 0 0 0 0 1 1 1 1 0 0 1 0 0 0 0 1 1 1 0 0 1 1 1 0 0 0
 0 0 0 0 1 1 0 0 0 1 1 1 1 0 0 1 0 1 0 0 0 1 1 1 0 0]
time:30 0.94 0.54
[1 1 0 1 0 1 0 0 1 0 1 1 1 1 1 0 1 0 1 1 1 0 0 1 0 1 1 0 1 0 1 0 0 1 1 0 0
 1 0 1 1 1 1 0 1 1 0 1 1 1 1 0 0 0 1 1 1 1 1 1 1 1 1 1 0 1 1 0 1 1 0 0 1 0
 1 0 0 0 0 0 1 0 0 1 1 0 0 0 1 1 1 1 1 0 1 1 1 1 1 0]
time:31 1.0 0.45
[1 0 0 0 0 1 0 1 1 0 0 1 1 1 0 0 1 1 1 1 1 1 1 1 1 1 1 1 1 1 1 1 1 0 0 1 0
 1 1 1 0 1 1 1 1 1 1 1 1 1 1 0 0 0 1 1 0 0 1 1 1 1 1 1 1 1 0 0 1 0 0 0 0 1
 0 1 1 1 1 1 0 0 0 0 0 1 1 0 0 0 1 1 1 0 1 1 1 1 1 1]
time:32 0.97 0.56
[0 0 1 1 1 1 0 0 1 0 1 1 1 1 1 0 1 1 1 1 1 1 0 0 0 1 1 1 1 1 0 1 1 1 1 1 0
 0 1 1 1 0 1 0 1 1 1 1 1 0 0 0 1 0 1 0 1 1 1 1 1 0 0 0 1 1 1 1 1 1 1 0 0 1
 0 0 0 0 0 0 1 0 0 0 1 0 0 0 0 1 1 1 1 1 1 1 1 1 1 1]
time:33 0.98 0.53
[1 1 1 0 0 1 1 0 1 0 0 1 1 1 1 0 1 1 1 1 1 1 1 1 0 1 1 1 0 1 0 0 1 0 1 1 0
 1 1 1 1 0 1 0 1 1 1 1 0 0 1 1 1 0 1 1 1 0 1 1 0 1 0 1 1 1 0 0 1 0 0 1 1 1
 0 0 0 0 0 0 0 0 0 1 0 1 0 1 1 0 0 0 1 1 0 0 1 1 1 1]
time:34 0.98 0.46
[1 1 1 0 0 1 1 0 1 1 1 1 0 0 0 0 1 0 1 1 1 1 1 0 1 0 1 1 1 0 1 1 0 0 1 0 1
 1 0 0 0 1 1 0 1 0 1 1 0 1 1 0 1 1 1 1 0 0 1 0 1 1 1 0 1 1 0 0 0 0 1 1 1 1
 0 1 1 1 0 1 1 0 0 0 0 0 1 1 0 1 1 1 0 1 1 0 0 1 0 1]
time:35 0.96 0.48
[0 1 1 1 1 1 0 0 1 1 1 1 0 0 1 1 0 1 0 1 1 1 0 0 1 1 1 1 1 1 0 0 1 1 0 0 1
 1 1 1 0 1 1 1 1 1 0 1 1 1 1 1 0 0 1 1 1 1 1 1 1 1 1 0 1 1 0 0 1 0 1 0 0 1
 0 1 1 0 1 1 1 0 0 1 1 1 1 0 0 0 1 1 1 0 1 1 0 0 0 0]
time:36 1.0 0.55
[0 1 0 0 0 1 1 0 1 1 1 1 0 1 1 1 1 0 1 1 1 1 0 0 0 1 1 1 1 0 1 1 1 1 0 1 0
 1 1 1 0 0 0 0 1 1 0 0 1 1 1 0 0 1 1 1 0 1 1 1 0 0 0 0 1 0 1 1 0 1 0 0 0 0
 0 0 0 0 1 1 0 0 0 0 1 0 1 0 0 0 0 1 1 0 1 1 1 1 1 1]
time:37 0.98 0.42
[0 0 0 1 1 1 1 1 1 1 0 1 1 1 1 1 0 0 1 1 1 1 0 0 1 1 1 1 1 1 1 1 1 1 1 0 1
 1 1 1 1 1 1 1 1 1 1 1 0 0 1 0 1 1 1 1 1 1 1 1 0 0 0 0 1 1 0 1 1 0 1 0 0 1
 0 0 1 1 1 1 1 1 0 0 0 0 1 0 0 0 1 0 0 0 0 1 0 0 0 0]
time:38 0.97 0.51
[1 1 1 1 1 1 1 0 1 1 1 1 0 0 0 0 1 1 1 1 1 0 0 1 1 1 1 1 0 0 1 1 1 0 0 1 1
 1 1 0 0 0 0 0 1 1 1 1 1 1 1 1 1 1 1 1 0 0 1 1 1 0 1 0 1 1 1 1 1 1 1 0 0 1
 0 0 1 1 0 1 0 0 0 0 1 1 1 1 0 0 1 1 0 0 1 1 1 1 0 1]
time:39 0.98 0.51
[1 1 1 0 0 1 1 0 1 0 0 1 1 0 0 0 0 1 1 1 1 1 0 0 0 1 1 0 1 1 1 1 0 0 0 0 1
 1 0 0 0 1 0 1 1 0 1 1 1 0 0 0 1 1 1 1 1 0 1 0 0 0 1 1 1 1 1 0 1 1 1 0 0 0
 1 0 0 1 1 0 0 0 0 0 1 0 0 0 0 1 1 1 1 0 0 1 1 0 0 1]
time:40 0.95 0.43
[1 1 1 0 0 1 0 0 1 1 1 1 1 1 1 0 1 1 1 1 1 0 0 0 1 1 1 1 0 0 1 1 1 0 1 1 1
 1 1 0 0 1 0 1 0 0 1 1 1 1 1 0 1 1 1 0 0 0 1 1 1 0 0 0 1 1 0 1 0 0 0 0 0 0
 1 1 0 1 1 1 1 0 0 0 0 0 0 0 0 0 1 1 1 0 0 0 0 0 0 1]
time:41 0.98 0.42
[1 0 0 0 0 1 1 0 1 0 1 1 1 1 0 0 1 1 1 1 1 1 0 0 1 1 1 0 1 1 1 1 1 0 0 1 0
 1 1 0 0 0 1 1 1 0 1 1 1 1 1 0 0 1 1 1 0 0 1 0 0 0 0 0 1 1 1 0 0 0 0 0 0 0
 1 0 1 1 1 1 1 1 0 0 0 0 1 0 0 1 1 1 1 0 1 0 0 0 0 0]
time:42 0.98 0.58
[0 1 1 1 0 1 1 1 1 1 1 1 1 1 1 0 1 1 1 1 1 1 0 0 0 0 1 1 1 1 1 0 1 0 1 1 1
 1 1 1 0 1 1 1 1 1 1 1 0 0 0 0 0 1 1 1 0 0 0 1 0 0 0 1 1 1 1 1 1 0 0 0 0 0
 0 0 0 1 0 0 0 0 0 0 0 0 1 1 0 0 0 1 1 1 0 1 1 1 0 0]
time:43 1.0 0.49
[1 0 0 0 0 1 1 1 0 0 0 1 0 0 0 0 1 0 1 1 1 1 0 0 0 0 0 1 1 1 1 1 1 1 1 0 1
 1 1 1 0 1 1 1 1 1 1 1 1 0 0 0 1 1 0 1 0 0 1 1 1 0 0 1 1 1 0 1 1 1 0 0 0 1
 1 0 0 1 1 0 1 0 0 0 0 1 1 0 0 1 0 1 1 0 1 1 1 1 1 1]
time:44 0.94 0.48
[0 1 1 1 1 1 1 1 1 1 0 1 1 1 0 0 0 1 1 1 1 0 0 0 0 0 0 1 1 1 1 1 1 1 1 1 1
 1 1 1 1 1 1 1 1 1 1 1 1 1 1 0 0 1 1 0 1 0 1 1 1 1 0 0 1 1 0 1 1 0 1 0 0 0
 0 1 0 1 1 1 1 1 0 0 0 1 0 0 0 0 1 1 1 0 0 0 1 1 1 0]
time:45 0.97 0.47
[0 0 1 0 0 1 0 0 1 0 1 0 0 1 0 1 1 1 1 1 1 1 0 0 1 1 1 1 0 0 1 1 0 1 1 0 1
 1 1 0 1 1 0 1 1 1 0 0 0 0 1 1 1 1 1 1 0 0 0 1 1 0 1 1 1 0 1 1 1 1 0 1 0 0
 0 0 0 1 0 1 1 1 0 0 1 1 1 0 0 0 0 1 1 0 0 0 0 0 0 1]
time:46 0.98 0.45
[0 0 1 0 0 1 1 1 1 0 0 1 1 1 0 0 0 0 1 1 1 1 0 0 1 1 1 0 0 1 0 1 1 0 0 0 1
 1 1 0 0 0 1 1 1 1 0 0 1 1 1 1 0 0 1 1 1 0 0 1 1 0 1 1 1 1 1 0 1 1 1 0 0 1
 0 0 0 1 1 1 1 0 0 0 1 0 0 0 0 0 1 1 1 0 1 1 1 1 0 1]
time:47 0.94 0.41
[1 0 1 1 1 1 0 1 1 0 1 1 1 1 0 0 0 0 1 1 0 0 1 0 0 1 0 0 0 1 1 1 1 1 0 0 0
 1 1 1 1 1 1 1 1 1 1 1 1 1 0 0 0 1 1 1 0 1 0 1 1 1 0 1 1 1 0 1 1 1 1 0 0 0
 1 0 0 1 1 0 0 0 0 0 1 0 0 0 0 1 1 0 1 0 1 1 1 1 1 1]
time:48 0.97 0.63
[0 0 0 1 0 1 0 0 1 0 0 1 1 1 0 0 0 1 0 0 0 0 0 0 1 0 0 0 0 0 0 0 0 0 1 0 1
 1 0 0 0 1 1 1 1 0 0 1 1 0 1 0 0 0 1 1 0 0 1 1 0 0 0 0 1 1 1 0 1 1 0 0 0 0
 1 1 0 1 0 1 1 1 0 0 0 1 0 0 0 0 1 1 1 1 0 1 1 1 0 1]
time:49 0.99 0.46
[1 1 1 0 0 1 1 1 1 0 1 1 1 0 0 0 1 0 1 1 1 1 0 0 1 1 1 0 1 1 0 1 0 0 1 1 1
 1 1 0 1 1 0 1 1 1 1 1 1 0 0 0 0 1 1 0 0 0 1 0 0 1 1 0 0 1 1 0 1 1 1 0 0 0
 1 0 0 0 0 1 1 0 0 0 0 0 0 1 1 1 0 1 0 0 0 1 1 0 0 0]
0.38:1
0.4:1
0.41:2
0.43:8
0.44:3
0.46:8
0.47:4
0.49:4
0.5:9
0.51:1
0.52:1
0.54:3
0.55:1
0.56:2
0.57:1
0.62:1
[43, 46, 44, 50, 50, 49, 54, 50, 46, 56, 47, 43, 46, 54, 49, 50, 47, 50, 50, 38, 43, 43, 43, 43, 43, 46, 49, 46, 50, 51, 54, 44, 56, 52, 46, 47, 55, 41, 50, 50, 43, 41, 57, 49, 47, 46, 44, 40, 62, 46]
47.78 23.4116
