time:0 0.73 0.59
[0 1 0 1 0 0 0 0 1 1 1 1 1 1 1 0 0 1 0 1 1 1 1 1 0 0 1 1 1 1 1 1 0 0 1 0 1
 1 1 1 0 0 0 1 1 1 0 1 0 1 0 1 1 1 1 1 1 1 1 1 1 1 0 1 1 1 1 0 1 1 0 1 0 1
 1 0 1 1 0 0 0 1 0 0 0 0 1 1 0 0 0 1 0 1 1 1 1 1 1 1]
time:1 0.84 0.48
[0 1 1 1 0 0 0 1 1 1 0 0 0 0 1 1 0 1 0 0 0 0 0 0 1 0 1 1 1 1 1 1 1 1 0 1 1
 0 1 0 1 1 1 1 1 1 1 1 1 1 0 0 1 0 1 1 1 1 1 1 1 1 1 1 0 1 1 0 0 0 0 1 1 1
 1 1 0 1 1 1 1 1 1 1 1 1 0 0 0 1 0 1 1 1 0 0 0 0 1 0]
time:2 0.85 0.49
[1 1 0 0 0 0 1 0 1 0 1 0 0 0 0 1 1 1 1 0 1 1 0 0 0 1 0 0 1 0 0 0 1 1 0 0 1
 0 0 0 0 0 0 1 1 1 0 0 1 1 0 0 1 1 0 1 1 1 0 1 0 0 1 0 0 0 0 0 1 0 0 0 0 1
 0 0 1 1 1 0 1 0 0 0 1 1 0 0 0 0 0 0 0 0 0 0 0 0 0 0]
time:3 0.85 0.45
[1 0 1 0 0 1 1 0 0 0 1 1 1 1 0 1 0 1 0 1 0 0 0 0 0 0 1 1 1 0 0 1 1 0 1 0 0
 0 1 1 0 0 1 1 1 1 1 1 1 1 1 1 0 1 1 1 1 1 1 1 0 0 0 0 0 1 1 0 0 0 0 0 0 0
 0 0 0 0 0 0 1 1 0 0 0 0 0 0 0 0 0 0 0 0 0 0 0 0 0 0]
time:4 0.81 0.52
[1 0 0 0 0 0 0 0 0 0 1 1 0 1 0 1 0 1 1 0 1 0 0 0 0 0 1 1 1 0 0 1 0 0 1 1 0
 1 0 1 0 0 0 1 1 0 0 1 0 0 0 1 1 1 1 1 1 1 1 1 1 1 0 0 1 1 1 1 1 1 1 1 1 1
 1 0 0 0 0 0 0 1 0 0 0 0 0 0 0 1 0 0 1 1 1 1 0 0 0 0]
time:5 0.8 0.5
[1 1 1 0 1 1 0 1 0 0 1 0 0 0 0 1 1 1 1 1 1 1 0 0 1 1 1 1 1 1 1 1 1 0 1 1 1
 0 0 0 1 0 0 1 1 1 1 1 0 0 0 0 1 1 1 1 1 1 1 1 0 0 0 0 1 1 1 0 1 1 1 1 1 1
 1 0 0 0 0 1 1 1 0 1 0 0 1 1 0 0 0 1 1 1 1 1 1 0 1 0]
time:6 0.71 0.5
[1 1 1 1 1 0 0 0 0 0 0 1 1 0 0 0 1 1 0 0 1 0 0 0 1 1 1 1 1 0 0 1 1 1 1 1 1
 1 0 0 0 0 0 0 1 1 1 0 1 1 1 0 1 1 1 1 1 1 1 0 1 0 0 0 0 0 1 1 0 0 0 0 0 1
 0 0 1 1 1 0 0 0 0 0 0 0 1 0 0 0 0 0 1 1 1 1 0 0 0 0]
time:7 0.79 0.58
[1 1 1 1 0 0 0 0 0 0 0 0 1 1 0 1 1 1 0 1 1 0 0 0 0 1 1 1 1 1 1 1 1 1 1 1 0
 0 0 0 0 0 0 0 1 0 0 1 1 1 1 0 1 1 1 1 1 1 1 1 0 0 0 0 1 1 1 1 1 0 0 1 1 1
 1 1 0 1 1 1 0 0 0 1 1 0 0 0 0 0 0 1 1 1 1 1 1 1 1 1]
time:8 0.83 0.56
[1 1 1 1 0 0 0 1 0 0 1 1 1 1 0 0 0 0 1 1 1 1 1 0 0 1 1 0 1 0 0 0 0 1 1 1 1
 1 1 1 1 1 0 0 1 0 0 0 1 0 0 0 0 1 1 1 1 0 0 0 0 0 0 1 1 1 1 0 1 1 0 0 1 1
 1 1 0 0 0 1 1 1 1 1 1 1 1 0 0 0 0 1 1 1 1 1 1 1 1 1]
time:9 0.88 0.47
[0 1 0 1 0 0 0 1 1 0 1 1 0 1 0 1 1 0 0 1 0 0 0 0 0 0 1 1 1 0 0 1 1 1 1 1 0
 0 0 0 0 0 0 0 1 0 1 1 1 1 0 0 0 1 1 1 0 0 0 0 0 0 1 1 0 1 0 0 0 0 0 1 0 1
 0 1 0 1 0 1 0 1 0 0 0 0 0 0 0 0 0 1 1 0 0 1 1 1 1 1]
time:10 0.84 0.45
[0 0 1 0 0 0 0 0 0 0 0 1 1 1 1 1 1 1 1 0 1 1 0 0 0 1 1 1 1 1 1 1 1 1 1 1 1
 1 1 1 1 1 1 1 1 1 1 1 1 1 1 1 1 1 1 1 1 1 1 1 1 1 1 1 1 1 1 1 1 1 0 1 1 1
 1 1 1 1 0 1 1 1 1 1 1 0 0 0 0 0 0 1 1 1 1 1 0 0 0 0]
time:11 0.89 0.49
[1 0 1 0 0 0 0 0 0 0 1 0 0 1 0 1 1 1 0 1 0 1 0 0 0 0 0 0 1 1 0 1 0 1 1 1 1
 1 1 1 1 1 1 1 1 1 1 1 1 0 0 1 0 1 1 1 1 1 0 0 0 0 0 1 1 1 1 0 0 1 0 0 0 1
 1 0 0 0 1 1 1 1 1 1 1 1 0 0 0 0 0 1 1 1 0 0 1 0 0 1]
time:12 0.83 0.5
[1 0 0 0 1 1 1 0 1 0 0 0 0 1 0 1 1 1 0 0 0 0 0 0 0 1 1 1 1 1 1 1 1 1 1 1 1
 1 1 1 0 0 0 1 0 0 0 1 0 0 0 0 0 0 1 1 0 0 0 1 0 0 0 1 1 1 1 1 1 1 1 1 1 0
 0 0 0 1 0 0 0 1 1 1 1 1 1 0 1 1 1 1 1 1 1 1 1 1 1 0]
time:13 0.81 0.52
[0 1 1 1 0 0 0 0 0 0 0 0 1 1 0 1 1 1 0 0 1 1 0 1 0 0 1 0 1 1 0 1 1 1 0 0 0
 1 1 1 1 1 0 1 1 0 0 1 0 1 0 0 0 1 1 1 1 0 1 0 0 0 0 1 1 1 0 0 0 0 0 0 0 1
 0 0 1 1 0 0 0 1 0 0 1 0 1 1 1 0 0 1 0 0 0 1 1 0 0 0]
time:14 0.77 0.45
[0 1 0 0 1 0 1 0 0 1 1 1 0 1 1 1 1 1 1 1 0 0 0 0 0 1 1 1 1 0 0 0 1 0 1 0 0
 0 0 1 1 1 0 0 0 0 0 1 1 1 1 0 0 1 1 1 1 1 0 0 0 0 0 1 0 0 0 0 0 0 0 1 1 1
 1 0 1 0 0 0 1 1 1 1 1 0 0 0 0 0 1 1 0 0 0 0 0 0 0 0]
time:15 0.88 0.5
[1 0 1 1 1 0 0 0 0 0 0 0 0 0 1 0 1 1 1 1 1 0 0 0 0 1 1 1 0 0 0 1 1 1 1 0 0
 0 1 1 1 1 1 0 1 1 1 1 1 0 1 1 1 1 1 1 1 1 0 0 0 0 0 0 1 0 0 0 0 0 0 0 0 0
 1 0 1 1 0 1 1 1 1 1 1 1 1 0 0 0 0 1 1 1 1 0 1 0 0 1]
time:16 0.85 0.38
[0 1 1 1 1 0 0 0 1 0 1 1 1 0 0 0 1 1 1 1 1 0 1 0 0 1 1 1 0 1 0 1 1 1 1 0 1
 1 0 1 0 0 0 0 1 0 1 1 1 1 1 1 1 1 1 1 1 0 0 1 1 1 1 1 1 1 0 0 0 0 0 1 0 1
 1 1 1 1 1 1 0 0 0 0 0 0 0 0 0 0 1 1 1 1 1 1 1 1 1 0]
time:17 0.81 0.55
[0 0 0 1 0 1 0 0 1 0 0 0 0 1 1 1 1 1 1 1 0 0 0 0 0 0 0 0 1 1 1 1 1 1 1 0 0
 0 0 1 1 1 0 0 1 0 0 1 0 0 1 0 0 1 0 1 1 0 1 0 0 1 0 0 1 1 0 0 1 0 0 1 1 1
 1 0 0 0 0 1 1 1 1 1 1 1 0 0 0 0 0 0 1 1 1 0 1 0 1 1]
time:18 0.82 0.55
[0 1 1 0 0 0 0 0 0 0 1 1 1 1 0 1 0 0 1 1 1 1 1 1 1 0 1 1 1 1 1 1 1 1 1 1 0
 1 0 1 1 0 0 0 1 0 0 1 1 0 0 0 0 0 1 1 1 1 1 1 0 0 1 1 1 1 1 1 1 0 0 0 0 1
 1 0 1 1 1 1 0 0 0 0 1 0 1 0 0 1 1 1 1 1 1 1 1 0 0 1]
time:19 0.82 0.45
[1 1 0 1 1 0 0 0 1 0 0 1 0 1 0 1 1 0 1 1 0 0 1 1 1 1 1 1 0 0 0 1 0 1 1 1 0
 1 1 1 1 1 0 1 0 0 0 0 0 0 0 0 1 1 1 1 1 1 0 0 0 1 0 1 1 1 1 1 1 1 1 1 1 1
 0 0 1 1 0 0 0 0 0 1 0 0 0 0 0 1 0 0 1 1 1 1 1 1 1 0]
time:20 0.88 0.59
[0 0 1 1 0 1 0 0 1 0 0 1 1 1 1 1 1 1 0 0 1 0 0 0 0 1 1 0 1 0 1 1 1 1 1 0 1
 1 0 0 0 1 0 1 1 0 0 1 0 0 1 1 1 1 1 1 1 1 1 1 1 0 0 1 0 0 0 1 1 1 0 1 1 1
 1 0 0 0 0 0 1 0 0 0 0 1 0 1 0 0 0 1 0 1 1 1 1 1 1 1]
time:21 0.8 0.4
[1 0 0 0 0 0 0 0 1 1 0 1 1 1 0 0 1 0 1 1 0 0 0 0 1 1 1 1 1 0 1 1 0 0 1 0 0
 1 1 1 1 1 0 0 1 0 0 0 0 0 1 1 1 1 1 1 1 0 0 1 0 1 1 1 1 1 1 0 1 0 0 1 1 0
 0 0 0 1 1 1 1 1 0 1 0 0 1 0 0 1 1 1 0 1 1 0 1 0 0 0]
time:22 0.85 0.44
[1 1 0 0 0 0 0 0 1 1 1 1 1 1 0 0 0 0 1 0 1 1 1 1 0 0 1 1 1 1 0 1 1 1 1 1 1
 1 1 1 1 1 1 0 0 0 0 0 0 1 1 0 0 0 1 1 1 1 0 1 1 1 0 1 1 1 0 0 0 0 0 1 1 0
 1 0 0 1 1 1 1 1 0 0 0 0 0 0 0 0 0 1 1 1 0 1 1 0 1 0]
time:23 0.84 0.41
[0 0 0 0 1 0 1 1 1 0 0 1 1 1 0 1 1 1 0 1 1 0 0 0 1 1 1 1 1 0 1 1 1 1 1 1 0
 1 1 1 0 0 0 0 1 1 0 1 1 1 0 0 0 1 1 1 1 0 0 0 0 1 1 0 1 1 1 1 0 0 0 0 0 1
 0 0 0 0 1 1 1 1 1 1 1 0 0 0 0 1 1 1 1 1 0 0 0 0 0 0]
time:24 0.81 0.48
[1 1 0 1 0 1 1 0 0 0 0 1 0 1 1 1 0 1 1 1 1 1 0 0 0 1 1 0 1 0 1 0 1 1 0 0 1
 1 0 0 1 0 0 0 1 1 0 0 1 0 1 1 0 1 1 1 1 1 1 1 1 1 1 1 1 1 1 0 0 0 0 1 1 1
 1 0 0 1 1 1 1 1 1 1 1 1 0 0 0 1 0 0 0 0 0 0 0 1 0 0]
time:25 0.88 0.57
[1 1 0 0 0 0 0 0 1 1 0 1 0 0 0 0 0 1 1 1 1 1 0 0 1 1 1 0 1 0 1 0 1 1 1 1 1
 1 1 0 1 1 0 0 1 0 0 0 0 0 0 1 0 0 1 0 1 0 1 1 1 1 1 1 1 1 1 0 1 0 0 0 0 1
 0 1 1 1 0 0 0 1 0 0 0 1 1 1 0 1 0 1 0 1 1 1 1 0 0 0]
time:26 0.82 0.55
[1 0 0 1 1 1 0 0 1 1 1 1 1 1 1 1 1 1 1 1 1 1 1 0 0 1 1 0 0 0 0 1 0 0 0 0 0
 1 1 0 0 0 0 0 1 1 0 0 0 1 0 0 1 0 1 1 1 0 1 1 0 0 0 1 1 1 1 0 1 0 0 1 0 1
 1 1 0 1 0 0 0 1 1 1 1 1 0 0 0 0 0 0 1 0 0 0 0 0 0 1]
time:27 0.78 0.45
[1 1 0 0 0 0 0 0 1 1 1 1 1 1 1 1 1 1 0 0 0 1 0 0 1 1 1 1 1 0 1 0 0 1 1 1 1
 1 0 1 1 1 0 1 1 0 0 1 1 1 1 1 0 0 0 1 0 0 0 0 1 1 1 0 0 1 1 1 0 0 0 0 0 1
 0 0 0 0 0 0 1 0 0 0 0 1 0 0 0 0 0 1 0 0 0 0 1 0 0 0]
time:28 0.81 0.62
[1 1 1 1 0 0 0 0 0 0 0 0 0 1 0 0 1 1 1 1 0 1 0 0 0 1 1 0 1 0 1 0 0 1 0 1 0
 1 0 0 1 1 1 0 1 0 1 1 0 1 0 1 1 1 0 0 0 1 1 1 0 1 0 0 0 0 1 1 1 1 0 0 0 1
 0 1 0 1 0 0 1 1 1 0 1 0 1 0 0 0 0 1 1 1 1 1 0 0 0 1]
time:29 0.76 0.53
[1 1 0 1 1 0 0 0 1 0 0 0 0 0 0 0 0 0 0 1 0 1 0 1 0 1 0 1 1 1 0 1 1 1 1 1 1
 1 1 0 1 1 1 0 1 1 0 1 0 0 1 0 1 1 1 1 1 0 0 0 0 1 1 1 1 1 1 0 1 0 0 0 0 1
 0 0 1 1 0 0 0 1 1 1 1 0 0 0 1 1 1 1 1 1 1 1 1 0 0 1]
time:30 0.78 0.61
[1 1 1 1 1 1 0 0 1 0 1 1 1 1 1 1 1 1 1 0 1 1 1 1 1 1 1 0 1 0 1 0 0 1 1 1 0
 0 1 1 1 1 1 1 1 1 1 1 0 0 1 0 0 1 0 1 1 1 1 0 1 0 0 0 1 1 1 0 1 1 1 1 1 1
 0 1 0 1 0 0 1 1 1 1 0 0 0 0 0 1 0 1 1 1 1 1 1 1 0 0]
time:31 0.79 0.41
[0 0 0 0 0 0 0 0 0 0 0 0 0 1 0 1 1 1 1 1 1 1 1 1 0 1 1 1 1 0 0 0 1 1 1 0 1
 1 1 1 1 1 1 1 1 1 1 0 0 1 1 1 1 1 1 1 1 1 1 1 1 1 1 1 1 1 1 0 0 0 0 0 0 1
 1 0 0 0 0 0 0 0 0 0 0 0 0 0 0 0 0 0 0 0 0 0 0 0 0 0]
time:32 0.79 0.52
[0 0 0 0 1 0 0 0 1 1 0 0 0 0 1 1 0 1 0 1 1 1 1 1 0 1 0 0 1 0 0 1 1 1 0 0 1
 1 0 0 1 1 0 1 1 1 0 1 1 0 0 1 1 0 1 1 1 0 1 0 0 0 0 1 1 1 1 1 1 1 1 1 1 1
 1 1 0 1 1 0 1 0 0 0 1 0 1 0 0 0 0 0 0 0 0 0 0 0 0 0]
time:33 0.8 0.58
[1 1 1 0 0 1 0 1 1 0 1 1 0 1 0 1 1 1 1 1 1 0 0 0 0 1 1 1 0 0 0 0 0 1 1 1 0
 0 0 1 1 1 1 1 1 1 0 0 0 0 0 0 1 1 1 1 1 1 1 0 0 0 0 1 1 1 1 1 1 1 0 0 0 1
 1 0 0 1 1 0 0 0 0 1 1 1 0 0 0 1 0 0 1 1 1 1 1 0 0 0]
time:34 0.86 0.54
[1 1 1 1 1 1 1 0 0 0 1 1 1 1 0 1 0 1 1 1 0 1 0 0 0 0 1 1 0 0 0 1 0 0 1 0 0
 0 0 0 0 0 0 1 1 1 0 1 1 1 1 1 1 0 1 1 1 1 1 1 0 0 0 1 0 0 0 0 0 0 0 0 0 1
 0 0 0 0 1 1 1 1 1 1 1 1 1 0 0 0 0 0 0 0 1 0 1 0 0 1]
time:35 0.79 0.47
[1 1 0 0 0 1 0 0 0 0 0 0 1 1 1 1 1 1 0 1 1 0 1 0 0 0 1 1 1 0 0 1 0 1 1 0 1
 1 0 0 1 1 1 1 1 0 0 1 0 1 0 1 1 0 1 1 1 0 0 0 0 0 0 0 1 1 1 1 1 0 1 1 1 1
 0 0 0 0 0 1 1 1 1 1 1 0 0 0 0 0 1 1 1 1 1 0 1 0 1 0]
time:36 0.79 0.46
[1 0 1 0 0 0 0 0 1 0 1 1 1 1 0 1 1 1 1 1 1 1 0 0 1 1 1 1 1 0 1 0 1 0 1 0 1
 1 1 0 0 1 1 1 1 1 1 1 0 1 1 0 0 0 1 1 1 1 0 0 0 1 1 1 0 0 0 0 0 0 0 0 0 1
 1 1 1 1 1 1 1 1 1 1 1 0 0 0 0 0 1 1 1 1 1 1 1 0 1 0]
time:37 0.82 0.54
[1 0 0 0 0 0 0 0 1 0 0 0 0 1 1 1 1 0 0 1 0 0 0 0 0 1 1 1 1 1 1 1 1 1 1 1 1
 0 0 0 1 1 1 0 1 0 1 1 0 1 0 0 1 1 1 1 1 1 1 0 0 1 0 0 1 1 1 1 1 0 0 1 0 1
 0 1 1 1 0 1 1 1 0 1 1 1 1 1 1 1 0 1 1 1 1 1 0 1 0 1]
time:38 0.9 0.46
[0 1 1 0 0 0 0 0 0 0 0 0 0 1 0 0 1 0 1 1 1 1 1 1 1 1 1 1 1 1 1 1 1 1 1 1 1
 1 1 1 1 1 1 1 1 1 1 1 1 1 1 0 1 1 1 1 1 1 0 1 1 1 1 1 1 1 1 1 0 1 1 1 1 1
 1 1 1 1 0 0 1 1 0 0 1 1 1 1 0 1 0 1 0 0 0 0 1 0 1 0]
time:39 0.86 0.51
[0 1 1 0 0 1 1 1 1 0 1 1 0 1 0 0 0 0 0 1 0 0 0 1 0 1 1 1 1 0 0 0 1 0 0 1 0
 1 1 0 1 1 0 0 0 0 0 1 1 1 0 0 0 1 1 1 1 0 0 0 0 0 0 1 1 1 0 0 0 0 0 0 0 1
 0 0 0 1 1 0 0 1 0 0 0 0 0 0 0 0 0 1 0 1 1 1 0 1 1 1]
time:40 0.88 0.53
[1 1 1 0 0 1 0 0 1 0 0 1 0 0 0 0 1 0 0 0 1 0 0 0 0 1 1 1 0 0 0 1 0 0 0 0 0
 1 1 0 0 0 0 0 1 0 0 1 1 1 1 0 0 0 1 1 1 1 0 1 0 1 0 1 0 1 0 0 0 0 0 0 1 1
 0 1 0 0 0 1 1 1 1 1 1 1 1 0 0 0 1 1 1 1 1 1 1 0 1 0]
time:41 0.85 0.5
[0 0 0 0 1 1 1 1 1 1 1 0 0 1 1 1 0 1 0 0 0 0 0 1 0 1 1 0 0 1 1 0 1 0 1 0 0
 0 1 1 1 1 0 1 1 0 0 1 0 1 1 0 1 1 1 1 1 0 1 1 0 0 1 1 1 1 0 0 0 0 0 1 1 1
 1 1 1 1 1 1 1 1 0 1 1 0 0 0 0 0 0 1 1 1 1 0 0 0 0 0]
time:42 0.82 0.51
[1 1 1 1 0 0 0 0 0 0 0 1 0 1 0 0 1 1 1 1 1 0 0 0 0 0 0 1 1 0 1 1 1 1 1 1 1
 0 0 1 1 1 1 1 1 0 1 1 1 0 1 1 1 1 1 1 1 1 1 1 1 1 1 1 0 1 0 1 1 0 0 1 1 0
 0 0 0 0 0 0 0 1 1 1 1 0 0 0 0 1 0 1 1 1 1 1 1 1 1 1]
time:43 0.82 0.42
[1 1 1 0 0 0 0 0 0 0 0 1 1 0 0 1 0 1 0 1 1 0 1 0 0 1 1 0 1 0 0 1 1 1 1 1 1
 1 1 1 1 1 1 1 1 1 1 1 1 1 1 1 1 1 1 1 1 1 0 1 0 1 1 1 1 1 1 1 1 1 1 1 1 1
 1 0 1 0 0 0 1 0 0 0 0 0 0 0 0 0 0 0 0 1 1 0 1 0 0 1]
time:44 0.83 0.48
[0 0 0 0 0 0 0 0 0 1 1 1 0 1 1 1 1 0 0 0 1 0 1 1 0 1 1 0 1 0 0 0 0 0 1 0 1
 0 1 0 1 0 0 1 1 1 1 0 1 1 1 0 1 1 1 0 1 0 0 1 1 1 1 0 1 1 0 1 0 0 0 0 1 0
 0 0 0 1 0 0 1 1 1 1 1 1 0 0 0 0 1 1 1 1 0 0 0 0 0 0]
time:45 0.85 0.52
[0 0 0 0 0 0 0 0 1 0 0 0 0 1 0 0 1 1 0 1 1 1 0 0 0 0 1 1 0 1 0 0 1 1 0 1 0
 1 0 0 0 0 0 0 1 0 0 1 0 0 0 1 1 1 1 1 0 1 1 1 1 1 0 0 1 0 0 0 0 0 0 0 0 1
 0 1 0 1 1 0 1 0 1 1 1 1 1 1 1 0 0 1 0 1 0 0 0 0 0 0]
time:46 0.85 0.51
[1 1 1 1 1 1 0 0 0 0 0 0 0 1 1 1 1 1 1 1 1 1 0 0 1 1 1 0 1 1 1 1 1 1 1 0 0
 1 1 0 0 0 0 0 1 0 0 0 0 1 1 0 1 0 1 1 1 1 1 1 1 1 1 1 1 0 0 0 0 0 0 0 0 1
 1 1 1 1 1 1 1 1 0 0 0 1 1 0 0 0 1 1 1 1 1 1 1 1 1 0]
time:47 0.79 0.48
[1 1 1 0 1 0 0 1 1 0 1 0 0 1 0 0 1 1 0 0 0 1 1 1 1 1 1 1 1 0 0 1 1 1 1 1 1
 1 1 1 1 1 1 1 1 1 1 1 0 1 1 1 1 1 1 1 1 0 1 1 0 1 0 1 1 1 0 0 1 1 1 1 1 1
 1 1 1 1 0 1 1 1 0 0 0 1 1 1 0 0 1 1 1 1 1 1 1 0 1 0]
time:48 0.86 0.51
[1 1 1 1 1 0 0 0 1 1 1 0 1 1 1 1 1 1 1 0 1 1 1 1 0 1 1 1 1 1 1 1 0 1 1 1 1
 1 1 1 1 1 1 1 1 1 1 1 1 1 1 1 1 1 1 1 1 0 1 0 1 1 0 1 1 1 1 1 1 1 1 0 0 1
 1 1 0 1 0 0 1 1 0 0 1 1 1 1 0 0 0 0 0 0 0 0 0 1 0 0]
time:49 0.78 0.54
[1 1 1 1 0 0 0 0 0 1 0 0 0 0 0 0 1 0 0 1 1 0 0 1 1 1 1 1 1 0 1 0 1 1 1 0 0
 0 0 0 1 1 0 1 1 0 1 1 1 1 1 0 0 1 1 1 1 0 0 1 1 1 1 1 1 1 1 0 1 1 1 1 1 1
 1 1 0 0 0 0 0 1 1 1 1 1 1 1 0 0 0 1 1 1 1 0 1 0 1 1]
0.37:1
0.4:3
0.41:1
0.43:1
0.44:5
0.46:4
0.47:4
0.49:2
0.5:9
0.51:4
0.52:2
0.54:3
0.55:3
0.56:2
0.57:2
0.58:2
0.61:1
0.62:1
