time:0 0.98 0.59
[0 0 0 0 0 0 0 0 1 0 1 0 0 1 0 1 1 1 0 1 1 0 0 1 0 1 1 0 1 0 0 1 0 0 1 0 0
 1 0 0 0 1 0 0 1 0 1 1 1 0 1 0 0 1 1 1 1 1 1 0 0 0 1 1 0 0 0 0 0 1 0 0 0 1
 0 0 0 1 0 0 0 1 1 1 0 1 0 0 0 1 0 1 1 1 0 0 1 0 1 0]
time:1 0.89 0.44
[1 0 0 0 0 1 0 0 0 0 1 0 0 0 0 1 1 1 1 1 1 0 0 1 1 1 1 0 1 1 1 1 1 0 1 0 1
 1 0 1 1 1 1 1 1 1 0 1 0 1 0 0 0 1 0 1 1 0 1 1 0 1 0 1 1 1 1 1 1 1 1 1 0 1
 0 0 0 0 0 1 1 1 1 1 1 0 0 0 0 1 0 1 0 0 0 0 0 1 0 0]
time:2 1.0 0.46
[0 1 0 0 0 0 0 0 1 0 0 0 1 1 0 0 1 1 0 1 1 0 0 1 0 1 1 0 1 0 1 1 1 1 1 1 1
 1 1 1 0 1 0 1 1 0 0 1 0 1 0 0 0 1 1 1 1 1 0 0 1 1 0 1 1 1 0 1 1 1 1 1 0 1
 0 0 1 1 1 0 1 0 0 0 1 1 0 0 0 1 0 1 0 0 0 0 0 0 0 0]
time:3 0.9 0.45
[0 1 0 0 1 1 1 0 1 0 1 0 0 1 1 1 1 1 1 0 1 0 0 0 1 1 1 0 0 0 0 1 1 1 1 1 0
 1 1 1 1 1 0 1 1 0 1 1 1 1 1 0 1 0 1 1 1 1 0 1 0 1 1 1 1 1 1 1 0 0 0 0 1 1
 1 0 1 0 1 1 1 0 0 1 1 1 0 1 1 0 0 1 0 1 0 0 0 0 0 0]
time:4 0.99 0.51
[0 1 1 0 1 1 0 0 0 0 1 0 0 1 0 1 1 1 0 1 1 0 0 1 1 1 1 0 0 0 1 1 0 0 1 0 0
 1 0 0 1 0 0 1 1 0 0 1 0 1 1 0 0 1 1 1 1 0 1 1 0 1 1 1 1 0 0 0 1 1 1 1 0 1
 0 0 1 1 0 0 0 0 0 0 1 1 0 0 0 0 0 1 0 0 1 1 1 0 0 0]
time:5 0.97 0.46
[0 0 1 0 0 1 0 0 1 1 1 0 1 0 0 1 1 1 1 0 0 0 0 0 0 1 1 0 1 1 1 1 1 1 0 1 1
 1 0 1 1 0 0 1 1 0 1 1 0 1 0 0 1 1 0 1 1 1 0 1 0 0 0 1 1 1 1 1 1 1 1 1 0 1
 0 0 1 1 1 0 0 0 0 1 1 0 1 0 0 0 0 1 0 0 1 1 0 0 0 0]
time:6 0.97 0.47
[0 1 0 0 0 0 0 0 0 0 1 1 0 1 1 1 1 1 0 1 1 0 0 1 0 1 1 1 1 0 1 1 1 1 1 1 1
 1 1 1 1 1 0 1 1 0 0 1 0 1 0 0 0 1 1 1 1 0 0 1 0 1 0 1 1 1 1 1 1 1 1 1 1 1
 0 0 0 1 0 1 1 1 0 1 1 1 1 0 0 0 0 1 0 0 0 1 0 0 0 0]
time:7 0.97 0.48
[0 0 1 0 0 1 1 0 0 1 1 1 0 0 0 1 1 1 1 1 1 0 1 1 1 1 1 1 0 0 0 1 1 1 1 0 1
 0 1 1 1 1 1 0 1 1 0 1 0 1 1 0 1 1 1 1 1 1 0 0 0 0 0 1 1 1 1 0 0 0 0 1 0 1
 0 0 0 1 0 0 1 0 0 1 1 1 0 0 0 1 0 1 0 0 0 0 0 0 0 1]
time:8 0.96 0.41
[0 1 0 0 1 0 1 0 0 0 1 0 0 0 0 1 1 1 0 0 1 1 0 1 0 1 1 1 0 1 1 1 1 0 0 0 0
 1 1 1 1 1 1 1 1 0 0 1 1 1 1 0 1 1 0 1 1 1 1 0 1 1 0 1 1 1 1 0 0 1 1 1 0 1
 0 0 0 1 1 0 0 0 0 0 1 0 0 0 0 0 0 1 0 0 0 0 1 0 0 0]
time:9 0.98 0.45
[1 1 0 0 0 0 0 0 0 1 1 0 0 0 0 1 1 1 0 1 1 1 0 1 1 1 1 1 1 0 0 1 1 0 0 1 0
 1 1 1 0 1 1 1 1 1 1 0 1 0 1 0 1 1 1 1 1 1 1 0 0 0 0 1 1 1 0 0 1 1 0 1 0 1
 0 0 0 1 1 1 0 0 0 0 1 0 0 0 0 0 0 1 0 1 0 0 0 0 0 0]
time:10 0.98 0.49
[0 1 0 0 0 0 0 0 1 0 1 1 0 1 1 1 1 1 0 0 1 0 0 0 0 1 1 1 1 0 0 1 1 1 1 1 1
 1 0 1 1 0 0 0 1 0 1 1 1 1 1 0 0 1 1 1 1 1 1 1 1 0 1 1 1 1 0 0 1 1 1 1 0 1
 1 0 0 1 1 0 0 0 0 0 0 0 0 1 0 1 1 1 1 0 0 1 1 0 0 0]
time:11 1.0 0.48
[0 0 0 0 1 0 1 0 0 0 1 1 1 0 0 1 1 1 0 0 1 1 1 0 0 1 1 1 1 0 0 1 1 0 1 0 0
 1 0 0 1 1 0 0 1 0 0 1 0 1 1 0 1 1 1 1 1 1 0 1 0 1 1 1 1 1 0 0 0 1 0 1 0 1
 0 0 0 1 0 0 0 0 0 0 1 1 0 0 0 1 0 1 0 0 0 0 0 0 0 0]
time:12 0.98 0.47
[0 1 0 1 1 0 0 0 0 0 1 0 0 0 0 1 0 1 0 1 1 0 0 0 0 1 1 1 0 0 0 1 1 0 1 1 0
 1 0 0 1 1 0 1 1 0 1 1 1 1 1 0 1 1 1 1 1 1 0 0 0 0 0 1 1 0 0 0 0 0 0 0 0 1
 0 0 1 1 1 1 1 0 0 0 0 1 0 0 0 1 0 1 1 1 0 1 1 0 0 0]
time:13 0.96 0.5
[0 1 0 0 1 0 0 0 1 0 0 1 0 0 0 1 0 1 0 0 1 0 0 1 1 1 1 0 0 1 1 1 1 0 1 1 0
 1 0 1 1 1 1 1 1 1 1 1 1 1 0 0 0 1 1 1 1 0 0 0 0 0 0 1 1 0 0 0 1 0 1 1 0 1
 0 0 0 1 1 0 0 0 0 1 1 1 0 0 0 1 0 1 1 1 1 1 1 0 0 0]
time:14 0.98 0.48
[0 1 0 1 0 0 0 0 1 0 1 1 0 1 0 0 1 1 0 0 1 0 0 1 1 1 1 1 1 1 0 1 1 0 1 1 1
 1 1 1 1 1 0 0 1 1 0 0 1 1 1 0 0 1 1 1 0 0 0 0 0 0 0 1 0 0 1 0 0 0 0 1 0 1
 0 0 1 1 1 1 1 0 0 1 1 0 0 0 0 0 0 1 1 0 0 1 1 0 0 0]
time:15 0.99 0.49
[0 0 0 1 0 1 1 0 1 0 1 1 1 0 0 1 1 1 1 1 1 0 0 1 1 1 1 0 1 0 1 1 0 1 1 1 1
 1 1 1 1 1 1 1 1 1 1 1 0 1 0 0 1 1 0 1 1 1 1 0 0 0 0 1 1 1 1 0 1 1 1 1 1 1
 1 0 0 1 0 1 1 1 0 1 1 1 0 0 0 0 0 1 0 0 1 1 1 1 1 0]
time:16 0.92 0.43
[0 0 0 0 1 1 0 1 1 0 1 1 0 0 0 0 1 1 1 0 1 0 0 0 0 1 1 0 1 1 1 1 1 0 0 1 1
 1 1 1 1 1 1 1 1 1 1 1 1 1 0 1 1 1 1 1 1 1 1 0 1 0 0 1 1 1 1 1 1 1 1 0 0 1
 0 0 0 1 1 0 0 0 0 0 1 0 0 0 0 1 0 1 0 1 1 1 1 0 1 0]
time:17 0.91 0.55
[1 1 1 1 1 0 0 0 1 1 1 1 0 1 0 1 1 1 0 0 0 0 0 0 0 0 1 1 1 1 1 1 1 0 1 0 1
 1 0 0 0 1 1 0 1 1 0 1 1 1 1 1 0 0 1 1 1 0 0 0 0 0 0 1 1 1 1 0 1 1 1 1 0 1
 1 0 0 1 0 0 0 0 0 0 1 1 0 0 0 1 1 1 1 1 1 1 1 0 0 0]
time:18 0.95 0.45
[0 1 1 0 1 0 0 0 0 0 1 1 1 1 0 0 1 1 0 1 0 1 0 0 1 1 1 0 0 0 0 1 1 1 1 1 1
 1 0 0 1 1 0 1 1 1 1 1 1 1 1 0 1 1 1 1 1 0 0 0 0 1 0 1 0 0 0 1 1 1 1 1 1 0
 0 0 0 1 0 0 0 0 0 0 1 1 1 0 0 0 0 1 0 0 1 0 0 0 0 0]
time:19 0.97 0.48
[0 1 0 0 1 0 1 1 1 0 1 1 1 1 0 0 1 0 0 0 1 0 0 0 1 1 1 0 0 0 1 1 0 0 0 0 1
 1 1 1 1 0 0 1 1 1 0 1 1 1 1 0 0 1 1 1 1 0 0 0 0 0 0 0 1 0 0 1 0 1 0 0 0 1
 0 0 0 1 1 0 0 0 0 1 1 0 0 0 0 0 0 1 1 1 1 1 0 0 0 0]
time:20 0.97 0.5
[0 1 0 1 0 0 0 0 0 0 1 0 0 1 0 1 1 1 0 0 1 0 0 0 1 1 1 0 0 0 1 1 0 0 1 0 1
 1 0 0 1 1 0 1 1 1 1 1 0 1 1 0 1 1 1 1 1 1 0 0 0 0 1 1 1 0 1 0 0 0 0 1 0 1
 0 0 0 1 1 0 0 0 0 0 1 1 0 0 0 1 0 1 0 1 1 0 0 0 0 0]
time:21 0.99 0.47
[0 1 0 0 0 0 0 0 0 1 0 1 0 1 0 1 1 1 0 0 1 0 0 0 0 1 1 0 1 0 1 1 0 0 1 0 0
 1 1 0 1 1 1 1 1 0 0 1 0 1 0 0 1 1 1 1 1 0 0 0 0 1 1 1 1 0 0 0 1 1 0 1 1 1
 0 0 0 0 0 0 0 0 0 0 1 0 0 0 0 1 0 1 1 0 0 1 1 0 1 0]
time:22 0.98 0.51
[0 0 0 0 1 0 1 0 0 1 1 0 1 1 1 1 1 1 0 0 1 1 0 1 0 1 1 0 0 1 1 1 0 1 1 1 1
 1 1 1 0 0 0 1 1 1 0 1 1 0 1 0 0 1 1 1 1 0 0 1 0 1 1 1 0 0 0 0 0 1 0 0 0 1
 0 0 0 1 0 0 1 0 0 1 1 0 0 0 0 0 0 1 1 0 0 1 0 0 0 0]
time:23 0.96 0.5
[0 0 0 0 1 1 1 0 1 1 1 0 1 0 0 1 1 1 0 0 1 0 0 1 0 1 1 1 1 1 1 1 1 0 1 0 1
 1 1 1 0 0 0 0 0 0 1 0 0 0 0 0 0 0 1 1 1 0 1 1 1 1 0 1 1 1 1 1 1 0 0 1 1 0
 0 0 0 1 0 0 0 1 1 1 1 0 1 1 0 1 0 1 0 1 0 1 1 0 0 0]
time:24 0.97 0.54
[0 1 1 1 0 1 1 0 0 1 1 1 0 1 0 1 1 1 0 0 1 0 1 1 0 1 1 0 0 1 1 1 1 0 1 1 1
 1 0 0 0 1 0 1 1 1 0 1 1 1 0 0 1 1 1 1 1 0 0 0 0 1 0 1 0 0 1 1 1 1 0 1 0 1
 0 0 1 1 1 0 0 0 0 0 1 1 0 0 0 0 0 1 0 0 0 0 0 0 0 0]
time:25 0.99 0.53
[0 1 1 1 1 0 1 0 0 0 0 1 1 1 1 1 1 1 0 0 1 0 0 1 0 1 1 1 1 0 1 1 1 0 1 1 1
 1 1 1 1 1 0 0 1 1 0 1 0 1 0 0 1 1 1 1 1 0 1 1 1 0 0 1 1 1 1 0 1 1 0 0 0 1
 0 0 1 0 0 0 0 0 0 0 1 0 0 0 0 1 1 1 0 1 0 1 1 0 0 0]
time:26 0.97 0.53
[0 1 1 0 1 0 1 0 1 0 1 0 0 1 1 1 1 1 0 0 1 0 0 1 0 1 1 0 0 1 1 1 0 0 1 0 0
 1 0 0 1 1 1 1 1 0 1 1 0 0 1 1 0 1 1 1 1 1 1 1 1 0 1 1 1 1 1 1 1 0 1 0 0 1
 0 0 1 1 1 1 0 0 1 1 1 0 0 0 0 0 0 1 1 0 1 1 0 0 0 1]
time:27 0.97 0.5
[1 0 0 0 0 0 1 0 0 0 0 1 0 1 0 0 1 1 0 0 0 0 1 0 1 0 1 1 0 0 0 1 0 0 0 1 1
 1 0 1 1 1 1 0 1 1 0 1 1 1 1 0 1 1 1 1 1 1 0 1 0 0 0 1 1 1 1 0 0 1 0 1 0 1
 0 1 1 1 0 0 0 0 0 0 0 1 0 0 0 1 0 1 1 0 0 1 0 0 1 0]
time:28 0.98 0.48
[0 0 0 0 1 1 0 0 0 0 1 0 0 1 0 1 1 1 0 1 1 1 0 0 0 1 1 0 0 0 1 1 1 1 1 1 1
 0 1 1 1 1 1 0 1 1 0 1 0 1 1 0 0 1 1 1 1 0 1 0 1 0 0 0 1 0 1 1 1 1 0 1 0 1
 0 0 1 1 0 0 0 0 0 0 0 0 0 0 0 0 0 1 0 0 0 0 0 0 0 0]
time:29 0.9 0.48
[1 0 0 0 0 0 0 1 1 1 1 1 0 1 1 1 1 1 0 0 1 0 0 1 0 1 1 0 0 0 1 1 1 0 0 1 0
 1 0 1 1 0 1 0 1 1 0 1 0 1 1 1 0 1 1 1 1 0 0 1 1 1 1 1 0 1 1 0 0 1 0 1 1 1
 0 0 0 1 1 0 0 1 0 1 1 0 0 0 0 0 0 1 0 0 1 1 1 0 0 0]
time:30 0.98 0.52
[0 1 0 0 0 1 1 0 0 0 1 1 0 1 1 1 1 1 1 1 1 1 0 1 0 1 1 0 1 1 0 1 1 1 1 1 1
 1 1 1 1 1 1 1 1 1 0 0 1 1 0 0 1 1 1 1 1 0 1 1 0 0 0 1 1 1 1 1 1 1 1 1 0 1
 0 0 1 1 0 0 0 0 0 1 0 0 1 0 0 1 0 1 0 1 1 1 1 1 1 0]
time:31 0.92 0.53
[1 1 1 1 1 1 0 0 0 1 1 1 0 1 1 1 1 1 0 1 1 0 0 1 0 0 1 1 1 1 1 1 0 0 1 0 1
 1 0 0 1 1 1 1 1 1 1 1 0 1 1 0 1 1 1 1 1 1 0 0 1 0 0 1 1 0 0 0 1 1 1 0 0 1
 0 0 0 1 0 0 0 1 1 1 1 1 0 0 0 0 1 1 0 1 0 1 1 0 0 0]
time:32 0.98 0.49
[0 0 0 0 1 1 1 0 0 0 1 0 1 1 0 0 1 1 0 0 1 0 0 1 1 0 1 1 1 0 0 1 1 0 0 1 0
 1 1 1 1 1 0 0 0 0 0 1 0 1 1 1 1 1 1 1 1 0 0 1 0 0 0 1 1 1 0 0 1 1 0 1 0 1
 0 0 1 1 1 0 0 0 0 1 1 0 0 0 0 1 0 1 1 0 0 0 1 0 0 0]
time:33 0.97 0.49
[0 0 0 0 0 1 0 0 0 1 0 0 0 1 0 1 1 1 0 0 1 0 0 0 1 1 1 1 1 0 1 1 1 1 1 1 1
 1 1 0 1 1 0 0 1 0 0 1 1 1 0 0 0 1 1 1 1 0 1 1 1 0 0 1 0 0 0 0 0 0 0 1 0 1
 1 0 0 0 0 1 0 0 0 0 1 0 0 1 0 0 0 1 0 0 1 1 0 0 0 0]
time:34 0.97 0.54
[0 1 1 0 0 0 1 0 1 0 0 0 0 1 0 0 1 1 0 0 1 0 0 0 0 1 1 0 0 1 0 1 0 1 1 1 0
 1 0 0 0 0 1 1 1 1 1 1 1 1 0 0 0 1 1 1 1 1 0 0 0 0 0 1 1 1 1 0 1 1 1 0 0 1
 0 0 1 1 1 0 0 0 0 1 1 1 0 0 0 1 1 1 0 0 0 0 1 0 0 0]
time:35 0.95 0.49
[1 0 0 0 1 0 0 0 1 1 1 0 0 0 1 0 1 1 0 1 1 1 1 1 1 1 1 0 0 0 0 1 1 0 0 0 0
 1 1 1 0 0 1 0 1 1 1 0 1 1 0 0 1 0 0 1 1 1 1 0 1 0 0 1 0 1 1 1 1 1 1 1 1 1
 0 1 1 1 0 0 0 0 0 1 1 1 0 0 0 1 1 0 0 0 0 1 1 0 1 0]
time:36 0.95 0.48
[1 0 0 0 1 1 1 0 1 1 1 1 1 1 0 1 1 1 1 0 1 0 0 1 1 1 1 1 1 1 1 1 1 0 1 0 0
 1 1 1 0 1 0 1 1 0 0 1 0 1 1 1 1 1 1 1 1 1 1 1 1 0 1 1 1 1 1 0 1 1 0 0 0 1
 0 0 0 1 0 0 1 0 0 1 0 0 0 0 0 0 0 1 1 1 1 1 1 0 1 0]
time:37 0.99 0.43
[0 1 0 0 1 0 0 1 0 1 1 0 0 0 1 1 1 1 0 0 1 0 0 1 0 1 1 1 1 0 0 1 1 1 1 0 0
 1 1 1 1 1 0 0 1 1 1 1 1 1 0 0 0 1 1 1 1 0 0 1 1 0 1 1 1 0 1 0 0 1 1 1 1 1
 0 0 1 1 1 0 1 0 1 0 1 1 0 0 0 0 0 1 0 1 1 1 0 0 0 0]
time:38 0.92 0.4
[0 0 0 0 0 1 1 0 1 0 1 1 1 0 0 1 1 1 0 1 0 0 0 1 1 1 1 1 1 0 1 1 1 0 1 1 1
 1 1 1 1 1 0 1 1 1 1 1 1 1 0 1 0 1 1 1 1 0 1 1 0 1 1 1 1 1 0 1 1 1 1 1 1 1
 0 0 1 0 0 0 0 0 0 1 1 1 0 0 0 0 0 1 1 0 0 0 0 0 0 0]
time:39 0.96 0.49
[1 1 0 0 1 1 0 0 0 0 1 0 0 1 1 1 1 1 1 0 1 1 0 0 0 1 1 1 1 0 1 1 1 1 1 1 0
 0 1 1 1 1 1 0 1 1 1 1 1 1 1 1 1 1 1 1 1 0 1 0 0 0 0 1 1 0 0 1 0 0 0 0 0 1
 0 1 1 1 0 0 0 0 0 1 1 0 0 0 0 0 0 1 0 1 0 1 1 0 1 0]
time:40 0.99 0.45
[0 1 0 0 1 1 1 0 0 0 0 1 1 0 0 1 1 1 0 1 1 0 0 1 1 1 1 0 1 1 0 1 1 0 1 1 0
 1 1 1 1 1 1 1 1 1 1 1 1 0 0 1 1 1 1 1 1 1 1 0 0 1 1 1 1 1 1 0 0 0 1 1 0 1
 0 0 1 1 1 0 0 1 0 0 1 1 0 0 0 0 0 1 1 1 1 1 1 0 0 0]
time:41 0.99 0.5
[0 1 1 0 0 0 0 1 0 1 1 0 1 1 1 1 1 1 0 0 1 1 0 1 1 1 1 0 0 0 1 1 1 1 1 1 0
 1 0 1 1 1 0 0 1 0 0 0 1 1 0 0 0 0 1 1 1 0 0 0 0 1 0 1 1 1 0 1 0 0 1 1 0 1
 0 0 0 1 0 0 0 0 0 1 0 0 1 1 0 1 0 1 0 1 1 0 0 0 0 0]
time:42 0.92 0.57
[0 1 1 1 1 1 1 0 0 0 1 0 0 1 1 1 1 1 0 1 1 0 1 1 1 1 1 1 1 1 1 1 1 0 0 0 1
 1 0 1 0 1 0 1 1 0 0 1 0 0 1 1 1 1 1 1 1 0 0 0 0 0 0 0 1 1 1 1 1 1 0 1 0 1
 0 0 0 1 0 0 1 0 0 1 1 1 0 0 1 1 0 1 1 1 1 1 1 0 0 0]
time:43 0.93 0.46
[0 1 0 0 0 0 0 0 0 0 1 0 0 0 1 1 1 1 1 0 1 0 0 0 0 1 1 0 0 0 1 1 1 1 1 1 0
 1 0 0 0 0 0 0 1 1 1 1 1 1 1 0 1 1 1 1 0 1 0 0 0 1 1 0 0 1 0 0 0 0 0 1 1 1
 0 0 1 1 0 0 0 1 1 1 1 0 0 0 0 0 0 1 0 1 0 1 1 0 0 0]
time:44 0.99 0.49
[0 1 0 0 0 1 1 0 0 0 1 0 0 1 1 1 1 1 0 0 1 0 0 0 0 1 1 0 0 1 1 1 1 0 1 0 1
 1 0 0 1 1 1 1 1 1 0 0 1 0 0 0 1 1 1 1 1 0 1 1 0 1 1 1 1 1 1 1 1 1 0 1 1 1
 0 0 1 1 1 0 1 0 0 0 1 0 0 0 0 1 0 1 1 1 1 1 1 0 1 0]
time:45 0.93 0.48
[0 1 0 0 1 1 1 0 1 0 1 1 1 0 1 1 1 1 0 0 1 0 0 0 1 1 1 0 0 1 1 1 1 1 0 0 1
 1 1 1 1 1 1 1 1 1 0 1 1 1 1 0 1 1 1 1 1 1 0 0 0 1 1 1 0 0 1 1 1 1 0 1 0 1
 0 0 1 1 0 0 0 0 0 0 1 1 1 0 0 1 0 1 0 1 1 1 1 0 0 0]
time:46 0.98 0.48
[1 1 0 0 1 0 1 1 1 0 1 1 0 1 0 1 1 1 0 1 1 0 0 1 0 1 1 0 1 0 1 1 1 1 1 0 0
 1 0 1 1 1 1 1 1 1 0 1 0 1 1 0 0 1 1 1 1 0 1 0 0 1 0 1 1 1 1 1 1 1 1 1 0 1
 0 0 0 1 1 0 0 0 0 1 0 1 0 0 0 0 1 1 1 1 0 1 0 0 0 0]
time:47 0.94 0.42
[0 1 0 0 0 1 1 0 1 0 0 1 1 1 0 1 1 1 0 0 1 0 0 0 0 1 1 0 1 0 0 1 0 0 0 0 1
 1 1 1 1 0 0 0 1 1 1 1 0 1 0 0 0 1 1 1 1 0 0 1 1 1 0 1 1 1 0 0 1 1 1 1 0 1
 0 0 1 1 1 1 1 0 0 0 0 0 0 0 0 0 0 1 0 1 0 0 0 0 0 0]
time:48 0.97 0.46
[0 1 1 0 1 0 0 1 1 0 1 0 0 1 0 1 1 1 0 0 1 0 0 1 1 1 1 0 1 1 1 1 1 0 1 0 0
 1 1 1 1 1 0 1 1 0 0 1 1 1 1 0 0 1 1 1 1 0 0 0 0 0 1 1 1 0 0 0 0 0 0 0 1 1
 0 0 1 1 0 0 1 1 0 1 1 1 0 0 0 0 0 1 0 0 0 1 1 0 0 0]
time:49 0.95 0.49
[0 1 0 0 0 1 1 0 1 0 1 0 1 1 0 1 1 1 0 0 0 0 0 0 0 1 1 1 1 0 1 1 1 0 0 1 1
 0 0 1 1 1 1 1 1 1 1 0 1 1 1 0 1 1 1 1 1 1 1 0 0 1 0 1 1 1 1 0 1 1 1 1 0 1
 0 0 1 1 0 1 0 1 0 1 1 1 0 0 0 0 0 1 0 1 1 1 0 0 0 0]
0.4:2
0.41:1
0.43:3
0.44:4
0.46:7
0.47:9
0.49:8
0.5:7
0.51:1
0.52:3
0.54:2
0.55:1
0.56:1
0.58:1
