time:0 0.96 0.53
[0 0 1 0 0 0 0 0 0 0 1 1 1 1 0 0 1 1 0 1 1 0 1 0 0 0 1 0 0 0 1 1 0 0 1 0 1
 0 1 1 0 0 1 0 0 0 1 1 1 1 1 1 0 1 0 0 1 1 0 0 0 0 1 0 0 1 1 1 1 0 0 0 0 1
 0 0 1 1 1 1 0 1 1 1 0 0 0 0 0 1 0 1 1 1 1 1 0 1 0 1]
time:1 0.85 0.51
[1 1 0 1 1 1 1 1 1 1 1 1 0 1 1 1 1 1 1 1 1 1 1 1 1 1 1 1 0 1 1 0 0 1 0 1 1
 1 1 1 1 1 1 0 1 0 0 0 0 0 0 1 0 0 0 0 1 1 0 0 1 1 0 0 1 1 1 0 0 0 1 1 0 0
 1 0 0 0 1 1 1 0 0 0 1 1 1 1 0 1 1 1 1 1 1 1 1 1 0 1]
time:2 0.74 0.47
[0 0 1 1 1 1 1 1 1 1 1 1 1 1 1 1 1 1 1 1 1 1 1 1 1 1 1 1 1 1 1 1 1 1 1 1 1
 1 1 1 1 1 1 1 1 1 1 1 1 1 1 1 0 0 1 1 1 0 0 0 0 0 0 1 1 1 1 1 1 1 0 0 0 0
 1 1 1 1 1 1 1 1 0 0 0 1 1 1 1 1 1 1 1 0 0 0 0 0 0 0]
time:3 0.85 0.5
[1 1 1 1 1 0 0 0 1 1 1 1 1 1 1 1 0 0 0 0 1 1 1 1 1 1 1 1 1 1 1 0 0 0 1 1 1
 1 1 1 1 1 1 1 1 0 0 0 1 1 1 1 1 0 1 1 1 0 0 0 0 0 0 0 1 1 1 1 0 1 1 1 0 0
 1 0 0 1 1 0 0 0 0 0 1 0 1 1 1 0 1 1 1 0 1 1 1 0 0 0]
time:4 0.96 0.52
[1 1 1 1 1 1 1 1 1 1 1 0 0 0 1 1 1 1 1 1 1 1 0 0 1 1 1 0 0 1 0 1 0 1 0 1 0
 0 1 1 1 0 0 0 1 0 0 1 1 1 1 1 1 1 1 1 1 1 1 0 0 0 0 0 0 1 1 1 1 1 1 1 1 0
 1 0 1 1 1 0 0 0 0 0 1 0 0 0 0 1 0 0 1 1 1 1 1 1 1 0]
time:5 0.95 0.47
[1 1 0 1 1 0 0 0 0 0 0 0 1 1 1 1 1 1 1 0 1 1 1 1 0 0 1 1 1 0 0 1 1 1 1 1 1
 1 0 1 1 0 0 0 1 1 1 1 0 0 1 0 1 1 1 1 0 1 0 0 1 1 0 0 0 1 0 0 0 0 0 1 1 0
 1 1 1 0 1 1 1 0 0 0 1 1 1 1 0 0 0 1 0 0 0 0 0 1 0 0]
time:6 0.9 0.49
[0 0 0 0 0 0 1 1 1 0 1 1 1 1 1 0 0 0 1 1 1 1 1 1 1 1 1 1 1 1 0 0 0 1 0 1 1
 1 1 1 0 0 1 0 1 1 1 1 0 1 0 0 0 0 0 1 1 1 0 1 1 0 0 1 1 1 1 1 1 0 0 0 0 0
 0 0 1 1 1 1 1 0 0 0 0 0 0 0 1 1 0 1 1 1 1 1 1 1 1 0]
time:7 0.87 0.45
[1 1 0 1 1 1 1 1 1 1 1 1 1 0 0 1 0 1 1 0 0 0 0 0 1 0 0 1 1 1 0 0 0 0 0 0 0
 1 1 1 1 1 1 0 1 1 1 0 0 0 1 1 1 0 1 1 1 1 0 0 0 1 1 1 1 0 1 0 0 1 0 0 0 0
 0 0 1 1 1 1 1 0 0 0 0 1 1 1 0 0 1 1 1 0 0 0 1 1 1 1]
time:8 0.89 0.39
[0 0 0 1 1 1 0 0 0 1 1 1 0 1 0 0 1 1 0 0 0 0 0 1 1 1 1 1 1 1 1 1 0 0 0 0 1
 1 1 1 1 1 1 1 0 0 1 0 0 1 1 1 0 1 1 1 1 1 1 1 0 0 1 0 0 1 1 0 0 0 0 1 1 1
 0 0 1 1 1 1 1 0 0 0 0 0 0 0 1 1 1 0 1 0 1 1 1 1 0 0]
time:9 0.8 0.41
[1 1 0 0 0 1 0 1 0 0 0 0 0 0 0 1 1 1 1 1 0 0 0 1 1 1 1 0 1 1 0 1 1 1 1 1 1
 1 1 1 1 1 1 1 1 0 0 0 0 1 1 1 0 1 1 0 1 0 0 1 1 1 1 1 1 1 0 0 1 1 0 0 1 1
 1 0 0 1 1 1 1 0 0 0 1 1 0 0 0 1 1 1 1 0 1 1 1 0 0 0]
time:10 0.9 0.52
[0 0 0 1 1 0 0 1 1 0 0 0 1 1 1 1 1 0 0 1 1 1 1 1 1 1 1 0 1 1 0 0 0 1 1 1 0
 1 1 1 0 0 0 1 1 1 1 1 1 0 0 1 0 0 1 1 1 0 0 0 0 0 1 1 1 0 0 1 1 0 0 0 1 1
 1 0 1 1 1 1 1 1 0 0 1 1 1 1 1 1 0 0 1 1 1 1 0 0 0 0]
time:11 0.9 0.45
[0 0 0 0 0 0 0 1 1 1 0 0 1 1 1 1 1 0 0 1 1 1 1 1 1 1 1 1 1 1 1 1 1 1 1 0 0
 0 0 1 1 1 1 1 1 0 1 1 0 1 1 1 1 1 1 1 1 1 1 0 0 0 1 1 1 0 1 1 1 0 0 0 1 0
 0 1 1 1 1 1 1 1 0 0 0 1 1 1 1 1 0 0 0 0 1 0 0 0 0 0]
time:12 0.8 0.36
[1 1 0 0 0 0 0 0 1 0 0 0 0 0 0 0 0 0 0 0 0 0 0 0 1 1 1 1 0 1 1 1 1 1 0 0 1
 1 1 1 1 1 1 1 1 1 1 1 1 1 1 1 0 0 0 1 1 1 0 1 1 1 1 1 1 1 0 0 0 0 1 0 0 0
 0 0 0 1 1 1 1 0 0 0 1 1 0 0 0 1 0 1 1 0 1 0 0 0 0 0]
time:13 0.96 0.51
[1 1 1 0 0 1 1 1 0 0 1 0 0 1 0 0 0 0 0 0 1 1 1 1 0 1 1 0 1 1 1 1 1 0 1 1 1
 1 1 0 1 0 0 0 1 1 0 1 1 1 1 1 1 0 0 1 1 1 0 1 1 1 1 1 1 0 0 1 1 1 1 0 1 0
 0 1 1 1 1 1 1 1 0 0 0 1 0 1 0 0 1 1 0 1 0 0 1 0 0 0]
time:14 0.95 0.52
[0 0 0 1 0 0 0 0 0 1 1 1 1 1 1 1 0 0 1 1 1 1 1 0 0 0 1 1 1 1 1 1 1 1 0 0 0
 0 0 0 0 1 1 1 1 1 1 1 1 1 1 1 0 1 1 1 1 1 1 1 1 0 0 0 0 0 0 0 1 1 0 0 0 1
 0 1 1 0 0 1 1 1 0 0 0 0 0 0 0 1 1 1 1 0 1 1 1 1 1 0]
time:15 0.91 0.52
[0 1 1 1 1 0 1 1 1 1 1 1 1 1 1 1 0 1 0 0 1 1 1 1 1 1 1 1 1 1 1 1 1 0 1 1 1
 1 1 1 1 1 1 1 1 0 0 1 0 0 1 0 0 1 1 1 1 1 0 1 1 1 1 1 1 1 0 1 1 1 1 1 1 1
 1 1 0 0 1 1 0 0 0 0 1 0 0 1 0 1 1 0 1 1 1 1 1 0 1 1]
time:16 0.9 0.48
[1 1 1 1 1 1 1 1 1 1 0 1 1 1 1 1 1 0 0 1 1 1 1 1 1 1 1 0 1 1 1 1 1 1 1 1 1
 1 1 1 1 1 1 1 1 1 1 1 1 1 1 1 1 1 1 1 1 1 1 1 1 1 1 1 1 1 1 1 1 1 1 0 1 1
 1 0 1 1 1 0 0 0 0 0 1 0 0 1 1 0 0 0 1 1 1 1 1 1 1 0]
time:17 0.83 0.52
[1 1 1 1 1 0 1 1 0 0 0 0 0 0 0 0 0 0 0 0 0 1 1 1 1 1 1 1 1 0 1 0 0 0 0 0 1
 1 1 1 0 0 0 1 1 1 0 1 1 0 1 1 0 0 1 1 1 1 0 0 1 0 1 1 0 1 1 1 0 1 1 0 0 0
 1 1 1 1 0 0 1 1 0 0 0 1 1 0 0 0 0 1 0 1 0 0 0 0 0 0]
time:18 0.89 0.49
[1 1 1 1 1 0 1 1 1 0 0 0 0 0 0 0 0 1 1 1 1 0 0 0 0 1 1 1 1 1 0 1 0 1 0 0 0
 1 1 1 0 0 1 1 0 1 1 1 1 1 1 1 0 1 1 1 0 0 0 1 0 0 0 1 1 1 0 1 1 0 0 0 1 1
 1 1 1 1 0 1 0 1 0 0 0 0 0 1 1 1 0 1 1 1 0 1 1 1 0 1]
time:19 0.82 0.48
[0 0 1 1 1 1 1 0 1 1 1 1 1 0 0 0 0 0 0 0 0 1 0 0 0 0 1 1 1 1 1 0 0 1 1 1 1
 1 1 1 0 0 0 1 1 1 0 1 1 1 1 1 1 1 1 1 1 1 1 1 0 1 1 1 1 0 0 0 0 0 0 0 0 1
 0 0 0 1 1 1 1 1 0 0 0 0 1 1 1 1 1 1 1 0 1 0 0 1 1 0]
time:20 0.9 0.46
[1 1 1 1 1 1 1 1 1 1 1 1 1 1 1 1 0 1 1 1 1 1 1 1 1 1 1 1 1 1 1 1 0 0 1 1 1
 1 1 1 1 0 1 1 1 1 1 1 0 0 0 0 1 1 1 1 1 1 1 0 0 1 1 0 0 1 1 1 0 0 0 0 0 1
 0 1 1 1 1 1 1 0 0 0 1 0 0 0 0 0 0 0 0 0 1 0 0 0 0 0]
time:21 0.88 0.42
[1 1 0 1 1 0 0 0 0 0 0 0 0 0 1 1 0 0 1 1 1 1 1 1 1 1 1 0 0 0 0 1 1 1 1 1 1
 1 1 1 0 0 0 0 1 1 1 1 1 0 0 1 1 1 1 1 0 0 0 1 1 1 1 1 1 0 1 0 0 1 1 0 0 0
 0 0 1 1 1 1 1 0 0 0 0 1 1 0 0 1 1 1 1 0 0 1 1 1 1 1]
time:22 0.87 0.62
[1 1 1 1 1 0 1 1 0 1 0 1 1 1 1 0 0 1 1 1 0 0 1 1 1 1 0 0 1 1 0 0 1 1 0 1 0
 1 1 0 1 0 0 0 1 1 0 0 1 0 1 1 1 0 0 0 1 1 1 1 1 1 0 0 1 0 1 1 1 1 1 0 0 1
 0 1 0 1 1 1 0 1 0 0 0 1 0 0 0 1 0 1 1 1 1 1 1 1 1 0]
time:23 0.91 0.54
[0 0 1 1 1 0 1 1 1 1 0 1 1 0 1 1 1 1 1 1 1 1 1 1 0 1 1 0 0 0 1 1 0 1 1 1 0
 1 1 0 1 1 1 1 1 1 1 1 1 1 1 1 1 1 0 1 1 0 1 0 0 1 0 0 1 1 1 1 1 1 1 1 1 1
 1 1 0 1 1 1 1 1 0 1 1 1 1 0 0 0 1 0 0 0 1 1 1 1 0 1]
time:24 0.91 0.49
[0 1 1 0 0 1 1 1 1 1 1 1 1 1 1 1 1 1 0 1 0 1 1 1 1 1 0 0 0 0 1 1 1 1 1 1 0
 1 1 1 1 0 0 0 1 1 1 1 0 1 1 1 0 0 0 1 1 1 0 1 1 1 0 1 1 0 0 0 1 1 0 0 0 0
 0 0 1 1 1 1 1 0 1 0 0 0 0 1 1 0 1 1 1 1 1 1 0 1 1 0]
time:25 0.92 0.47
[1 1 1 0 0 1 1 0 0 0 1 1 1 0 0 0 1 1 1 0 0 1 0 0 0 0 0 1 0 1 0 1 1 0 0 0 1
 0 1 0 0 0 0 1 0 0 1 1 0 0 1 1 1 0 0 1 1 1 0 1 0 1 0 0 1 1 1 1 1 1 1 0 1 0
 1 0 1 1 1 1 0 0 0 0 0 0 0 1 0 1 0 0 0 0 0 1 1 1 1 0]
time:26 0.84 0.43
[1 1 1 1 1 1 0 0 1 0 1 0 0 1 0 0 0 1 1 1 0 0 0 1 1 1 1 1 1 1 1 1 1 1 1 1 1
 1 1 0 0 1 1 1 1 1 1 1 1 1 1 1 1 1 1 1 1 0 0 0 0 0 0 1 1 1 1 1 0 0 0 0 1 1
 0 1 1 1 1 1 1 1 1 1 0 1 1 1 1 1 1 1 0 0 0 0 1 1 1 0]
time:27 0.87 0.52
[1 1 0 0 0 1 1 1 1 1 1 1 1 1 1 1 1 1 0 0 1 1 0 0 1 1 1 1 1 0 0 0 0 0 1 1 1
 1 1 1 1 1 1 1 1 0 0 1 0 0 0 0 1 0 1 1 1 0 0 0 0 1 1 1 0 0 1 1 1 1 1 1 1 1
 0 0 0 1 1 0 0 1 1 0 1 0 0 0 0 1 1 1 0 0 1 1 1 1 0 0]
time:28 0.81 0.5
[1 1 1 1 1 1 1 1 1 1 1 1 1 1 1 1 1 1 1 1 1 1 1 1 1 1 1 1 1 1 1 1 1 1 1 0 0
 1 1 1 0 1 1 1 0 1 1 1 1 1 1 0 0 0 1 1 1 1 1 1 1 1 0 0 1 1 1 1 1 1 0 1 1 0
 1 0 0 1 1 1 0 0 0 0 0 0 0 1 1 1 1 0 0 1 1 1 1 1 0 1]
time:29 0.74 0.46
[1 1 0 1 1 1 1 1 1 1 1 1 1 1 1 1 1 1 1 1 1 1 1 1 1 1 1 1 1 1 1 1 0 1 0 1 1
 1 1 1 1 1 1 1 1 1 0 0 0 0 0 0 1 0 1 1 1 0 0 0 0 0 0 0 1 1 1 1 1 0 1 1 0 0
 1 0 1 1 0 0 0 0 1 0 0 0 0 0 1 1 1 1 1 1 1 1 1 1 1 0]
time:30 0.91 0.44
[0 1 1 1 1 0 0 1 1 1 1 1 1 1 1 1 1 1 1 1 0 0 0 0 1 0 0 0 1 1 0 0 0 1 1 1 1
 1 1 1 1 1 0 0 0 1 1 0 0 0 0 0 1 1 0 1 1 0 0 0 1 1 1 1 1 1 1 0 1 1 1 0 0 0
 1 1 1 1 1 1 1 0 0 0 0 0 1 0 0 0 1 1 1 0 1 1 1 1 1 0]
time:31 0.9 0.41
[0 0 1 1 1 0 1 1 0 0 0 1 0 0 1 1 0 1 1 1 1 1 1 0 1 1 1 1 1 0 1 1 1 1 1 1 1
 1 1 1 1 0 0 0 0 0 0 0 0 0 0 1 0 0 1 1 1 1 0 1 1 1 1 1 1 1 0 0 1 1 1 1 0 0
 1 1 1 1 1 1 0 0 0 0 1 0 0 0 0 1 1 1 1 0 0 1 0 0 0 0]
time:32 0.96 0.5
[1 1 1 1 1 1 1 1 1 1 1 1 1 1 1 1 1 1 1 0 1 1 1 1 1 1 1 1 1 1 1 1 1 1 0 1 1
 1 0 0 0 1 0 0 1 1 1 1 1 1 0 1 1 1 1 1 1 1 1 1 1 0 1 1 0 1 1 1 1 1 1 1 1 1
 1 1 1 1 1 1 1 0 0 0 0 0 1 1 1 1 0 0 0 0 1 0 1 1 0 1]
time:33 0.95 0.45
[0 0 0 1 0 0 0 0 1 0 0 1 1 1 1 0 1 0 1 1 1 1 0 0 1 1 1 1 1 1 0 0 1 1 1 1 1
 1 1 1 1 1 0 1 1 1 1 1 1 1 1 1 0 0 1 0 0 0 0 1 1 1 1 1 1 0 1 1 1 1 1 0 0 0
 0 0 0 1 1 1 0 0 0 0 0 1 0 0 0 1 1 1 1 1 0 0 0 1 1 1]
time:34 0.83 0.43
[1 1 1 1 1 1 1 1 1 1 1 1 1 0 0 0 0 0 1 1 1 1 1 1 1 0 1 1 1 1 1 1 0 0 0 1 1
 1 1 1 1 1 0 1 1 1 1 1 1 1 1 1 1 0 0 1 1 0 0 1 1 1 1 1 1 0 0 0 0 0 0 1 1 0
 0 0 1 1 1 1 0 1 0 0 0 1 1 1 1 0 0 0 1 0 1 1 1 1 1 0]
time:35 0.9 0.57
[1 1 1 1 1 1 1 0 1 0 0 1 1 1 1 0 0 1 1 1 0 1 1 0 0 1 1 1 0 0 1 0 0 1 1 0 1
 1 1 0 0 1 0 0 1 1 1 1 0 0 0 0 0 1 1 1 1 1 1 1 0 0 1 1 1 1 0 0 1 1 0 0 0 1
 1 0 1 1 1 1 0 1 1 0 0 0 1 1 0 0 0 0 1 0 1 1 0 0 0 1]
time:36 0.89 0.53
[0 0 1 1 1 0 0 1 1 1 1 0 0 0 1 0 1 0 1 1 0 1 0 0 0 0 1 1 1 1 1 1 1 1 0 0 0
 0 0 1 1 1 1 1 0 1 1 1 0 0 1 1 1 1 1 1 1 1 1 0 0 0 0 0 1 0 1 1 1 1 1 0 0 1
 1 0 1 1 1 1 0 1 0 0 1 1 1 0 1 1 1 1 1 1 1 1 1 0 0 0]
time:37 0.7 0.5
[1 0 1 1 1 0 0 0 0 0 0 0 0 0 1 1 1 1 1 1 1 0 1 1 1 1 1 1 1 1 1 1 1 1 1 1 1
 1 1 1 1 1 1 1 1 1 1 1 0 1 1 1 1 0 1 1 1 1 1 1 1 1 1 1 1 1 1 1 1 1 0 0 0 1
 1 0 1 1 1 0 0 0 0 0 1 1 0 1 1 1 0 1 1 1 1 1 0 0 0 1]
time:38 0.89 0.52
[0 0 0 0 0 1 0 0 0 1 1 1 0 0 1 1 1 0 0 1 1 1 1 1 1 1 1 1 1 1 1 1 1 0 0 0 0
 0 1 1 0 1 1 0 1 1 0 0 0 1 1 1 0 0 1 1 1 1 0 1 1 0 0 0 1 1 1 1 1 0 0 0 0 0
 0 1 1 0 1 1 0 0 0 0 1 0 0 1 1 1 1 1 1 1 1 1 1 1 1 1]
time:39 0.88 0.58
[0 0 1 1 1 0 0 0 1 1 1 0 1 1 0 0 0 0 0 1 1 1 1 1 1 1 1 1 1 1 1 1 1 1 1 1 0
 0 0 1 1 0 0 0 1 1 1 0 0 0 1 0 0 1 1 1 1 1 1 1 0 1 1 1 0 0 1 1 1 1 0 0 0 1
 0 0 1 1 1 1 0 0 0 0 1 1 0 1 1 1 1 1 0 1 0 1 1 1 1 1]
time:40 0.86 0.51
[1 0 0 1 1 1 1 1 1 0 0 0 1 1 0 0 1 1 1 1 1 0 0 0 1 1 1 1 1 1 1 1 1 1 1 0 1
 1 1 0 1 0 1 0 1 1 1 1 0 0 1 1 1 0 0 1 1 1 1 0 0 0 0 1 0 1 1 1 1 1 0 0 0 1
 1 0 1 0 0 1 1 1 1 0 0 1 1 1 0 0 1 1 1 0 1 1 1 1 0 0]
time:41 0.87 0.59
[1 1 1 0 1 1 1 1 1 1 1 1 1 1 1 1 1 1 0 1 1 1 1 1 1 1 1 1 1 1 1 1 0 0 1 1 1
 1 1 0 0 0 0 1 1 1 1 1 1 1 0 0 1 1 1 0 0 1 1 1 0 0 0 1 1 0 1 1 1 0 0 0 0 1
 1 1 1 1 1 0 0 0 0 0 1 0 0 0 0 1 0 0 1 1 1 1 1 1 0 1]
time:42 0.8 0.43
[0 1 1 1 1 1 1 1 0 0 0 1 1 1 1 0 0 0 0 0 0 0 0 0 1 1 1 1 1 1 1 1 1 1 1 1 0
 0 1 0 1 1 1 1 1 1 1 1 1 1 1 1 0 0 0 0 0 1 0 1 1 1 1 1 0 1 1 1 1 1 1 1 1 1
 0 0 0 1 1 1 1 1 1 0 0 0 0 0 0 0 1 1 0 0 0 0 0 1 1 1]
time:43 0.84 0.5
[0 0 1 1 1 1 1 0 1 1 1 1 1 1 1 1 1 1 1 1 0 0 1 1 1 1 1 0 0 1 1 1 1 0 0 1 1
 1 1 0 1 0 0 0 1 0 1 1 0 1 1 1 1 0 0 0 1 0 0 0 0 1 0 1 1 1 1 1 1 1 0 0 1 1
 0 0 1 1 1 1 1 0 0 0 0 1 1 1 1 1 1 1 1 1 1 1 1 1 1 1]
time:44 0.92 0.56
[1 1 0 1 1 0 1 0 0 0 0 1 1 1 0 0 0 0 1 1 1 1 1 0 0 1 1 1 0 0 0 1 1 1 1 1 1
 1 0 1 0 1 1 1 1 1 1 1 1 1 1 0 1 0 0 1 1 1 1 1 0 0 0 0 0 0 0 1 1 1 1 1 1 0
 1 1 0 1 0 0 0 0 0 0 1 1 0 0 0 0 1 1 1 1 0 1 1 0 0 0]
time:45 0.87 0.4
[0 0 0 1 1 0 0 0 0 0 1 1 1 0 1 0 0 0 0 0 0 0 0 0 1 1 1 0 0 0 0 0 1 1 0 0 0
 0 0 1 1 1 0 1 1 1 1 1 1 0 0 0 1 1 0 1 1 0 0 0 1 1 1 0 1 0 0 1 1 0 0 0 1 0
 0 0 0 1 0 1 1 0 0 0 0 1 0 0 0 0 1 1 1 0 1 0 0 0 0 0]
time:46 0.85 0.46
[0 0 0 0 0 0 1 1 1 1 1 1 1 0 0 1 1 1 0 1 1 1 1 1 1 1 1 1 1 1 1 1 1 1 1 1 1
 0 1 1 1 1 1 1 1 1 1 1 0 0 0 1 1 0 0 0 0 1 1 1 0 1 1 1 1 0 1 1 1 0 0 0 0 0
 0 1 0 1 1 1 1 1 1 0 0 0 0 0 0 0 0 0 0 1 1 1 1 1 1 0]
time:47 0.88 0.5
[0 0 0 1 1 1 1 0 1 0 1 0 1 1 1 1 1 1 1 0 1 1 1 0 0 1 1 1 1 1 1 1 1 1 0 0 1
 1 0 1 1 1 0 1 1 1 0 1 1 1 1 1 1 0 0 1 0 0 0 0 0 0 0 0 0 1 1 1 1 1 1 0 0 0
 0 1 0 0 0 0 0 0 0 0 1 0 0 0 0 1 1 1 1 0 0 0 1 0 0 0]
time:48 0.92 0.55
[1 0 0 1 0 1 1 1 0 0 0 0 0 1 0 0 0 0 0 1 1 1 1 1 0 0 1 1 0 0 0 0 1 1 0 1 0
 0 1 0 0 1 1 0 0 0 1 1 1 1 0 1 1 1 0 0 0 0 0 1 0 0 0 1 1 0 1 1 1 1 1 1 1 1
 1 0 1 1 1 0 0 1 0 0 1 1 0 1 0 1 0 0 0 1 0 0 0 1 1 1]
time:49 0.87 0.53
[0 0 0 1 0 1 0 0 1 0 0 1 0 0 0 0 0 1 1 0 1 1 1 1 1 1 1 1 1 1 1 1 1 1 1 1 1
 1 0 1 1 0 0 0 1 0 0 0 1 1 1 1 1 0 1 1 1 1 1 1 1 0 0 1 0 0 0 0 1 1 0 0 0 1
 1 0 1 1 1 1 1 1 0 0 0 0 0 1 0 0 1 1 1 1 0 1 1 0 0 1]
0.36:1
0.38:1
0.4:3
0.41:1
0.43:4
0.44:3
0.46:6
0.47:2
0.49:3
0.5:9
0.51:7
0.52:3
0.54:1
0.55:1
0.56:2
0.57:1
0.58:1
0.62:1
[52, 50, 46, 50, 51, 46, 49, 44, 38, 40, 51, 44, 36, 50, 51, 51, 47, 51, 49, 47, 46, 41, 62, 54, 49, 46, 43, 51, 50, 46, 43, 40, 50, 44, 43, 56, 52, 50, 51, 57, 50, 58, 43, 50, 56, 40, 46, 50, 55, 52]
48.34 27.8644
